36410;556758-4221;20180409;1679;-364;0;-91
36410;556758-4221;20180409;1682;-100;0;0
36410;556758-4221;20180409;1693;-450;0;0
36410;556758-4221;20180409;2424;-408,46;0;-24,54
36410;556758-4221;20180409;3010;-81200,92;0;-20300,28
36410;556758-4221;20180409;3021;-8374,24;4085,17;-1004,76
36410;556758-4221;20180409;3022;-3679,89;1717,7;-442,11
36410;556758-4221;20180409;3023;-843,37;541,87;-101,13
36410;556758-4221;20180409;3024;-133,93;85,73;-16,07
36410;556758-4221;20180409;3025;-102,68;71,75;-12,32
36410;556758-4221;20180409;3026;-50,89;28,63;-6,11
36410;556758-4221;20180409;3027;-32,13;11,85;-3,87
36410;556758-4221;20180409;3028;-67,84;36;-8,16
36410;556758-4221;20180409;3040;-720;226,52;-180
36410;556758-4221;20180409;3047;-246,4;120,4;-61,6
36410;556758-4221;20180409;3048;-967,2;439,43;-241,8
36410;556758-4221;20180409;3049;-97,2;77,71;-24,3
36410;556758-4221;20180409;3050;-120;45,25;-30
36410;556758-4221;20180409;3051;-239,2;166,63;-59,8
36410;556758-4221;20180409;3055;-3833,6;2581,75;-958,4
36410;556758-4221;20180409;3056;-6237,6;5629,72;-1559,4
36410;556758-4221;20180409;3058;-1897,3;917,58;-227,7
36410;556758-4221;20180409;3071;-500;418,5;0
36410;556758-4221;20180409;3090;-2671,2;0;-667,8
36410;556758-4221;20180409;3092;-650,4;429,76;-162,6
36410;556758-4221;20180409;3100;-2688;0;-672
36410;556758-4221;20180409;3110;-924;0;-231
36410;556758-4221;20180409;3118;-180;0;-45
36410;556758-4221;20180409;1693;300;;
36410;556758-4221;20180409;1699;79,8;;
36410;556758-4221;20180409;1912;14674;;
36410;556758-4221;20180409;2444;4050,5;;
36410;556758-4221;20180409;2445;125688,55;;
36410;556758-4221;20180409;2446;115;;
36410;556758-4221;20180409;3740;4,35;;
36410;556758-4221;20180409;6385;0;;
36410;556758-4221;20180409;9400;4681,27;;
36410;556758-4221;20180409;9401;7203,71;;
36410;556758-4221;20180409;9403;448,1;;
51063;556738-6684;20180409;1679;-759,2;0;-189,8
51063;556738-6684;20180409;1682;-500;0;0
51063;556738-6684;20180409;2424;-320,75;0;-19,25
51063;556738-6684;20180409;3010;-66262,43;0;-16565,62
51063;556738-6684;20180409;3021;-6343,21;3876,6;-760,86
51063;556738-6684;20180409;3022;-2383,88;1127,81;-286,32
51063;556738-6684;20180409;3023;-993,97;739,92;-119,33
51063;556738-6684;20180409;3024;-65,17;28,46;-7,83
51063;556738-6684;20180409;3025;-46,42;33,7;-5,58
51063;556738-6684;20180409;3026;-342,69;195,56;-41,11
51063;556738-6684;20180409;3027;-108,03;55,79;-12,97
51063;556738-6684;20180409;3028;-32,49;19;-3,91
51063;556738-6684;20180409;3040;-252;79,55;-63
51063;556738-6684;20180409;3041;-156;104;-39
51063;556738-6684;20180409;3047;-336,8;170,9;-84,2
51063;556738-6684;20180409;3048;-1445,6;676,59;-361,4
51063;556738-6684;20180409;3049;-60;51,78;-15
51063;556738-6684;20180409;3050;-463,2;245,12;-115,8
51063;556738-6684;20180409;3055;-2456;1603,58;-614
51063;556738-6684;20180409;3056;-5472,4;4874,61;-1368,1
51063;556738-6684;20180409;3058;-1985,29;1024,35;-238,31
51063;556738-6684;20180409;3060;-27,36;27,36;-1,64
51063;556738-6684;20180409;3090;-10984,56;0;-2746,14
51063;556738-6684;20180409;3092;-168,8;112,74;-42,2
51063;556738-6684;20180409;3100;-21480;0;-5370
51063;556738-6684;20180409;3110;-1024;0;-256
51063;556738-6684;20180409;3118;-120;0;-30
51063;556738-6684;20180409;1912;12289;;
51063;556738-6684;20180409;2444;4982,2;;
51063;556738-6684;20180409;2445;136545,8;;
51063;556738-6684;20180409;2446;131;;
51063;556738-6684;20180409;3740;-0,38;;
51063;556738-6684;20180409;9400;3546,79;;
51063;556738-6684;20180409;9401;4110,56;;
51063;556738-6684;20180409;9403;2790,33;;
59825;556978-1858;20180409;1679;-232;0;-58
59825;556978-1858;20180409;1682;-847;0;0
59825;556978-1858;20180409;1693;-60;0;0
59825;556978-1858;20180409;1695;-100;0;0
59825;556978-1858;20180409;2424;-485,84;0;-29,16
59825;556978-1858;20180409;3010;-44065,74;0;-11016,43
59825;556978-1858;20180409;3021;-3086,38;1296,43;-370,21
59825;556978-1858;20180409;3022;-1593,55;738,67;-191,45
59825;556978-1858;20180409;3023;-668,71;474,53;-80,29
59825;556978-1858;20180409;3024;-110,72;67,83;-13,28
59825;556978-1858;20180409;3025;-42,95;35,18;-5,15
59825;556978-1858;20180409;3026;-296,42;185,68;-35,58
59825;556978-1858;20180409;3027;-132,15;71,7;-15,85
59825;556978-1858;20180409;3028;-39,28;24;-4,72
59825;556978-1858;20180409;3040;-312;99,12;-78
59825;556978-1858;20180409;3047;-352;187,65;-88
59825;556978-1858;20180409;3048;-430,4;197,96;-107,6
59825;556978-1858;20180409;3049;-153,2;98,23;-38,3
59825;556978-1858;20180409;3050;-269,6;113,31;-67,4
59825;556978-1858;20180409;3055;-2161,6;1478,48;-540,4
59825;556978-1858;20180409;3056;-4496,8;4077,13;-1124,2
59825;556978-1858;20180409;3057;-37,5;23,6;-4,5
59825;556978-1858;20180409;3058;-1199,92;555,54;-144,01
59825;556978-1858;20180409;3060;-229,81;229,81;-13,79
59825;556978-1858;20180409;3071;-10;9,4;0
59825;556978-1858;20180409;3090;-1795,2;0;-448,8
59825;556978-1858;20180409;3092;-512,8;343,86;-128,2
59825;556978-1858;20180409;3100;-64;0;-16
59825;556978-1858;20180409;3110;-1051,2;0;-262,8
59825;556978-1858;20180409;1693;60;;
59825;556978-1858;20180409;1912;7848;;
59825;556978-1858;20180409;2422;50;;
59825;556978-1858;20180409;2444;667;;
59825;556978-1858;20180409;2445;71095;;
59825;556978-1858;20180409;3740;-1,11;;
59825;556978-1858;20180409;9400;2754,39;;
59825;556978-1858;20180409;9401;1920,16;;
59825;556978-1858;20180409;9403;627,33;;
36410;556758-4221;20180410;1679;-79,2;0;-19,8
36410;556758-4221;20180410;1682;-100;0;0
36410;556758-4221;20180410;1693;-690;0;0
36410;556758-4221;20180410;2424;-394,32;0;-23,68
36410;556758-4221;20180410;3010;-78838,27;0;-19709,66
36410;556758-4221;20180410;3021;-8472,3;4448,29;-1016,7
36410;556758-4221;20180410;3022;-4359,27;2020,18;-523,73
36410;556758-4221;20180410;3023;-1068,87;672,71;-128,13
36410;556758-4221;20180410;3024;-190,18;97,83;-22,82
36410;556758-4221;20180410;3025;-32,14;17,84;-3,86
36410;556758-4221;20180410;3026;-204,45;106,77;-24,55
36410;556758-4221;20180410;3027;-87,51;49,29;-10,49
36410;556758-4221;20180410;3028;-92,84;55;-11,16
36410;556758-4221;20180410;3040;-899,2;297,06;-224,8
36410;556758-4221;20180410;3041;-307,2;200,93;-76,8
36410;556758-4221;20180410;3047;-318,4;173,9;-79,6
36410;556758-4221;20180410;3048;-1073,6;469,86;-268,4
36410;556758-4221;20180410;3049;-100,4;63,7;-25,1
36410;556758-4221;20180410;3050;-349,6;182,57;-87,4
36410;556758-4221;20180410;3055;-4337,6;2965,92;-1084,4
36410;556758-4221;20180410;3056;-7120;6467,41;-1780
36410;556758-4221;20180410;3057;-37,5;23,6;-4,5
36410;556758-4221;20180410;3058;-1970,49;941,92;-236,51
36410;556758-4221;20180410;3071;-100;83,7;0
36410;556758-4221;20180410;3090;-320;0;-80
36410;556758-4221;20180410;3092;-336;225,83;-84
36410;556758-4221;20180410;3100;-3312;0;-828
36410;556758-4221;20180410;3110;-1440;0;-360
36410;556758-4221;20180410;3118;-360;0;-90
36410;556758-4221;20180410;1518;970;;
36410;556758-4221;20180410;1693;290;;
36410;556758-4221;20180410;1912;13385;;
36410;556758-4221;20180410;2444;3007;;
36410;556758-4221;20180410;2445;125754,42;;
36410;556758-4221;20180410;2446;389;;
36410;556758-4221;20180410;3740;0,01;;
36410;556758-4221;20180410;9400;4926,03;;
36410;556758-4221;20180410;9401;7450,09;;
36410;556758-4221;20180410;9403;1195,88;;
35430;559070-9936;20180411;1679;-558,4;0;-139,6
35430;559070-9936;20180411;1682;-100;0;0
35430;559070-9936;20180411;2424;-126,4;0;-7,6
35430;559070-9936;20180411;3010;-48996,76;0;-12249,2
35430;559070-9936;20180411;3021;-5576,08;3219,7;-669
35430;559070-9936;20180411;3022;-2751,51;1301,07;-330,59
35430;559070-9936;20180411;3023;-301,8;197,16;-36,21
35430;559070-9936;20180411;3024;-23,21;11,74;-2,79
35430;559070-9936;20180411;3027;-70,54;39,38;-8,46
35430;559070-9936;20180411;3040;-23,2;14,9;-5,8
35430;559070-9936;20180411;3041;-156;104;-39
35430;559070-9936;20180411;3047;-35,2;14,4;-8,8
35430;559070-9936;20180411;3048;-485,6;203,92;-121,4
35430;559070-9936;20180411;3049;-16;14,97;-4
35430;559070-9936;20180411;3050;-159,2;85;-39,8
35430;559070-9936;20180411;3055;-1752;1223,69;-438
35430;559070-9936;20180411;3056;-2883,2;2626,82;-720,8
35430;559070-9936;20180411;3057;-37,5;23,6;-4,5
35430;559070-9936;20180411;3058;-1751,58;878,5;-210,18
35430;559070-9936;20180411;3060;-65,09;65,09;-3,91
35430;559070-9936;20180411;3070;-39,2;20;-9,8
35430;559070-9936;20180411;3090;-3188,4;0;-797,1
35430;559070-9936;20180411;3092;-40;25,9;-10
35430;559070-9936;20180411;3110;-390;0;-97,5
35430;559070-9936;20180411;1912;4203,5;;
35430;559070-9936;20180411;2422;11;;
35430;559070-9936;20180411;2444;400,98;;
35430;559070-9936;20180411;2445;80231,52;;
35430;559070-9936;20180411;3790;-11,09;;
35430;559070-9936;20180411;2446;645;;
35430;559070-9936;20180411;9400;1894,55;;
35430;559070-9936;20180411;9401;7300,71;;
35430;559070-9936;20180411;9403;19633,77;;
46512;556714-6922;20180411;1679;-882,4;0;-220,6
46512;556714-6922;20180411;1682;-195;0;0
46512;556714-6922;20180411;1696;-806;0;0
46512;556714-6922;20180411;2424;-407,5;0;-24,5
46512;556714-6922;20180411;3010;-92096,76;0;-23024,17
46512;556714-6922;20180411;3021;-9752,93;4482,11;-1170,09
46512;556714-6922;20180411;3022;-3976;1865,11;-477,8
46512;556714-6922;20180411;3023;-1236,48;840,84;-148,37
46512;556714-6922;20180411;3024;-31,25;15,26;-3,75
46512;556714-6922;20180411;3026;-35,71;20,62;-4,29
46512;556714-6922;20180411;3027;-104,65;55,14;-12,55
46512;556714-6922;20180411;3028;-91,06;54;-10,94
46512;556714-6922;20180411;3040;-32;11,72;-8
46512;556714-6922;20180411;3041;-156;104;-39
46512;556714-6922;20180411;3047;-769,6;376,4;-192,4
46512;556714-6922;20180411;3048;-460,8;215,65;-115,2
46512;556714-6922;20180411;3049;-95,2;52,6;-23,8
46512;556714-6922;20180411;3050;-1576;1042,12;-394
46512;556714-6922;20180411;3051;-718,4;486,53;-179,6
46512;556714-6922;20180411;3055;-4116,8;2746,32;-1029,2
46512;556714-6922;20180411;3056;-8077,6;7283,6;-2019,4
46512;556714-6922;20180411;3057;-75;47,2;-9
46512;556714-6922;20180411;3058;-3511,17;1646,24;-421,43
46512;556714-6922;20180411;3060;-261,3;261,3;-15,7
46512;556714-6922;20180411;3071;-2900;2468,26;0
46512;556714-6922;20180411;3090;-8460,16;0;-2115,04
46512;556714-6922;20180411;3092;-494,4;336,92;-123,6
46512;556714-6922;20180411;3100;-580,8;0;-145,2
46512;556714-6922;20180411;3110;-127,2;0;-31,8
46512;556714-6922;20180411;3118;-48;0;-12
46512;556714-6922;20180411;1696;-759;;
46512;556714-6922;20180411;1912;19443;;
46512;556714-6922;20180411;1918;154,28;;
46512;556714-6922;20180411;2444;7829,45;;
46512;556714-6922;20180411;2445;144338,32;;
46512;556714-6922;20180411;2446;1442,99;;
46512;556714-6922;20180411;3740;3,35;;
46512;556714-6922;20180411;6385;1595,21;;
46512;556714-6922;20180411;9400;5041,74;;
46512;556714-6922;20180411;9401;4822,81;;
46512;556714-6922;20180411;9403;336,64;;
49047;559025-5849;20180411;1679;-155,2;0;-38,8
49047;559025-5849;20180411;1682;-240;0;0
49047;559025-5849;20180411;2424;-141,49;0;-8,51
49047;559025-5849;20180411;3010;-69539,34;0;-17384,9
49047;559025-5849;20180411;3021;-2653,65;1060,33;-318,35
49047;559025-5849;20180411;3022;-1521,22;731,65;-182,78
49047;559025-5849;20180411;3023;-438,38;268,74;-52,62
49047;559025-5849;20180411;3024;-22,32;11,83;-2,68
49047;559025-5849;20180411;3025;-47,32;32,28;-5,68
49047;559025-5849;20180411;3026;-68,75;37,98;-8,25
49047;559025-5849;20180411;3027;-28,57;15,8;-3,43
49047;559025-5849;20180411;3028;-14,28;8;-1,72
49047;559025-5849;20180411;3040;-304;99,55;-76
49047;559025-5849;20180411;3047;-500;237,84;-125
49047;559025-5849;20180411;3048;-279,2;140,3;-69,8
49047;559025-5849;20180411;3049;-34,4;15,64;-8,6
49047;559025-5849;20180411;3050;-381,6;154,26;-95,4
49047;559025-5849;20180411;3055;-776;516,76;-194
49047;559025-5849;20180411;3056;-5300;4684,25;-1325
49047;559025-5849;20180411;3058;-843,72;404,47;-101,23
49047;559025-5849;20180411;3060;-82,07;82,07;-4,93
49047;559025-5849;20180411;3090;-2045,2;0;-511,3
49047;559025-5849;20180411;3092;-190,4;125,13;-47,6
49047;559025-5849;20180411;3100;-256;0;-64
49047;559025-5849;20180411;3109;-160;0;-40
49047;559025-5849;20180411;3118;-856;0;-214
49047;559025-5849;20180411;1912;49213;;
49047;559025-5849;20180411;2444;1698;;
49047;559025-5849;20180411;2445;56735,62;;
49047;559025-5849;20180411;2446;416;;
49047;559025-5849;20180411;3790;-298,92;;
49047;559025-5849;20180411;3740;-0,01;;
49047;559025-5849;20180411;9400;4140,53;;
49047;559025-5849;20180411;9401;4574,11;;
49047;559025-5849;20180411;9403;657,71;;
49054;556889-6475;20180411;1679;-320;0;-80
49054;556889-6475;20180411;1682;-200;0;0
49054;556889-6475;20180411;2424;-393,36;0;-23,64
49054;556889-6475;20180411;3010;-70970,39;0;-17742,47
49054;556889-6475;20180411;3021;-3052,74;1627,08;-366,26
49054;556889-6475;20180411;3022;-1537,35;747,92;-184,65
49054;556889-6475;20180411;3023;-35,71;19,68;-4,29
49054;556889-6475;20180411;3026;-30,36;18;-3,64
49054;556889-6475;20180411;3028;-19,64;11;-2,36
49054;556889-6475;20180411;3040;-16;-4,59;-4
49054;556889-6475;20180411;3047;-159,2;87,6;-39,8
49054;556889-6475;20180411;3048;-584,8;281,35;-146,2
49054;556889-6475;20180411;3049;-3,2;0,57;-0,8
49054;556889-6475;20180411;3050;-183,2;64,6;-45,8
49054;556889-6475;20180411;3055;-1844,8;1258,15;-461,2
49054;556889-6475;20180411;3056;-5344;4751,37;-1336
49054;556889-6475;20180411;3057;-75;47,2;-9
49054;556889-6475;20180411;3058;-1169,63;598,9;-140,37
49054;556889-6475;20180411;3060;-34,91;34,91;-2,09
49054;556889-6475;20180411;3090;-8108,8;0;-2027,2
49054;556889-6475;20180411;3092;-160,4;98,97;-40,1
49054;556889-6475;20180411;3100;-568,8;0;-142,2
49054;556889-6475;20180411;3110;-164;0;-41
49054;556889-6475;20180411;3118;-180;0;-45
49054;556889-6475;20180411;1912;16018,5;;
49054;556889-6475;20180411;2444;1906;;
49054;556889-6475;20180411;2445;100043,85;;
49054;556889-6475;20180411;2446;75;;
49054;556889-6475;20180411;3740;1,01;;
49054;556889-6475;20180411;9400;4153,87;;
49054;556889-6475;20180411;9401;4626,8;;
49054;556889-6475;20180411;9403;49,5;;
49054;556889-6475;20180412;1682;-200;0;0
49054;556889-6475;20180412;2424;-339,6;0;-20,4
49054;556889-6475;20180412;3010;-67482,72;0;-16870,68
49054;556889-6475;20180412;3021;-2354,52;1206,24;-282,48
49054;556889-6475;20180412;3022;-1623,95;747,19;-195,05
49054;556889-6475;20180412;3023;-109,82;72,14;-13,18
49054;556889-6475;20180412;3024;-102,68;62,23;-12,32
49054;556889-6475;20180412;3026;-32,14;14,48;-3,86
49054;556889-6475;20180412;3027;-22,32;12,56;-2,68
49054;556889-6475;20180412;3040;-312;122,87;-78
49054;556889-6475;20180412;3047;-185,6;84,04;-46,4
49054;556889-6475;20180412;3048;-648,8;373,15;-162,2
49054;556889-6475;20180412;3049;-66,4;36,61;-16,6
49054;556889-6475;20180412;3050;-234,4;98,5;-58,6
49054;556889-6475;20180412;3055;-2306,4;1600,44;-576,6
49054;556889-6475;20180412;3056;-6185,6;5515,33;-1546,4
49054;556889-6475;20180412;3058;-1133,08;586,36;-135,92
49054;556889-6475;20180412;3060;-151,88;151,88;-9,12
49054;556889-6475;20180412;3090;-7711,2;0;-1927,8
49054;556889-6475;20180412;3092;-132;84,77;-33
49054;556889-6475;20180412;3100;-230,4;0;-57,6
49054;556889-6475;20180412;3110;-504;0;-126
49054;556889-6475;20180412;3118;-240;0;-60
49054;556889-6475;20180412;1912;16584;;
49054;556889-6475;20180412;2444;2644;;
49054;556889-6475;20180412;2445;95241,98;;
49054;556889-6475;20180412;2446;70;;
49054;556889-6475;20180412;3740;4,42;;
49054;556889-6475;20180412;9400;4329,75;;
49054;556889-6475;20180412;9401;4173,63;;
49054;556889-6475;20180412;9403;444,07;;
31270;556718-4311;20180414;2424;-395,23;0;-23,77
31270;556718-4311;20180414;3010;-85104,45;0;-21276,06
31270;556718-4311;20180414;3021;-4627,76;1863,19;-555,28
31270;556718-4311;20180414;3022;-5268,07;2400,36;-632,93
31270;556718-4311;20180414;3023;-815,18;541,07;-97,82
31270;556718-4311;20180414;3024;-116,07;80,84;-13,93
31270;556718-4311;20180414;3025;-41,07;27,71;-4,93
31270;556718-4311;20180414;3026;-155,37;95,6;-18,63
31270;556718-4311;20180414;3027;-121,43;66,81;-14,57
31270;556718-4311;20180414;3028;-31,24;20;-3,76
31270;556718-4311;20180414;3040;-821,6;271,63;-205,4
31270;556718-4311;20180414;3044;-80,13;0;-20,03
31270;556718-4311;20180414;3047;-548;243,5;-137
31270;556718-4311;20180414;3048;-351,2;167,97;-87,8
31270;556718-4311;20180414;3049;-320,8;263,11;-80,2
31270;556718-4311;20180414;3050;-1180,8;856,34;-295,2
31270;556718-4311;20180414;3051;-633,6;333,26;-158,4
31270;556718-4311;20180414;3055;-1705,6;1162,94;-426,4
31270;556718-4311;20180414;3056;-8615,2;7685,57;-2153,8
31270;556718-4311;20180414;3058;-3336,4;1670,79;-400,36
31270;556718-4311;20180414;3060;-23,58;23,58;-1,42
31270;556718-4311;20180414;3071;-900;846;0
31270;556718-4311;20180414;3090;-4458,4;0;-1114,6
31270;556718-4311;20180414;3092;-369,6;234,74;-92,4
31270;556718-4311;20180414;3100;-3568;0;-892
31270;556718-4311;20180414;3110;-1648;0;-412
31270;556718-4311;20180414;1912;17949,5;;
31270;556718-4311;20180414;2444;2248,52;;
31270;556718-4311;20180414;2445;132568,59;;
31270;556718-4311;20180414;2446;1584,6;;
31270;556718-4311;20180414;3740;4,26;;
31270;556718-4311;20180414;9400;5008,22;;
31270;556718-4311;20180414;9401;4361,86;;
31270;556718-4311;20180414;9403;1116,1;;
31885;556624-5063;20180414;1679;-124;0;-31
31885;556624-5063;20180414;1693;-300;0;0
31885;556624-5063;20180414;2424;-487,66;0;-29,34
31885;556624-5063;20180414;3010;-41601,15;0;-10400,25
31885;556624-5063;20180414;3021;-1459,82;418,98;-175,18
31885;556624-5063;20180414;3022;-2942,77;1453,65;-353,43
31885;556624-5063;20180414;3023;-343,27;235,09;-41,23
31885;556624-5063;20180414;3024;-55,36;30,36;-6,64
31885;556624-5063;20180414;3027;-64,28;35,25;-7,72
31885;556624-5063;20180414;3028;-26,78;16;-3,22
31885;556624-5063;20180414;3040;-1456;521,72;-364
31885;556624-5063;20180414;3047;180;-82,1;45
31885;556624-5063;20180414;3048;-326,4;126,3;-81,6
31885;556624-5063;20180414;3049;-406,4;357,01;-101,6
31885;556624-5063;20180414;3050;-417,6;301,76;-104,4
31885;556624-5063;20180414;3051;-2793,6;1538,59;-698,4
31885;556624-5063;20180414;3055;-2279,2;1552,3;-569,8
31885;556624-5063;20180414;3056;-6015,2;5388,66;-1503,8
31885;556624-5063;20180414;3057;-75;47,2;-9
31885;556624-5063;20180414;3058;-1998,21;899,33;-239,79
31885;556624-5063;20180414;3060;-216,79;216,79;-13,01
31885;556624-5063;20180414;3071;-562;515,44;0
31885;556624-5063;20180414;3090;-800;0;-200
31885;556624-5063;20180414;3092;-476;325,64;-119
31885;556624-5063;20180414;3110;-2840;0;-710
31885;556624-5063;20180414;3118;-480;0;-120
31885;556624-5063;20180414;1693;90;;
31885;556624-5063;20180414;1912;6153,5;;
31885;556624-5063;20180414;2444;1413;;
31885;556624-5063;20180414;2445;75946,16;;
31885;556624-5063;20180414;2446;602,34;;
31885;556624-5063;20180414;3740;-0,1;;
31885;556624-5063;20180414;9400;2501,15;;
31885;556624-5063;20180414;9401;1966,6;;
31885;556624-5063;20180415;1682;-75;0;0
31885;556624-5063;20180415;1693;-540;0;0
31885;556624-5063;20180415;2424;-600,86;0;-36,14
31885;556624-5063;20180415;3010;-51560,51;0;-12890,15
31885;556624-5063;20180415;3021;-1271,39;390,46;-152,61
31885;556624-5063;20180415;3022;-1421,74;776,95;-170,76
31885;556624-5063;20180415;3023;-332,56;236,95;-39,94
31885;556624-5063;20180415;3024;-25,89;12,83;-3,11
31885;556624-5063;20180415;3026;-107,15;67,53;-12,85
31885;556624-5063;20180415;3027;-28,57;14,75;-3,43
31885;556624-5063;20180415;3040;-296;104,05;-74
31885;556624-5063;20180415;3047;-638,4;333,51;-159,6
31885;556624-5063;20180415;3048;-348,8;168,51;-87,2
31885;556624-5063;20180415;3049;-151,2;118,38;-37,8
31885;556624-5063;20180415;3050;-76;33,39;-19
31885;556624-5063;20180415;3051;-633,6;333,26;-158,4
31885;556624-5063;20180415;3055;-2693,6;1852,51;-673,4
31885;556624-5063;20180415;3056;-3936,4;3489,25;-984,1
31885;556624-5063;20180415;3057;-31,25;18,9;-3,75
31885;556624-5063;20180415;3058;-1994,58;926,73;-239,42
31885;556624-5063;20180415;3060;-169,61;169,61;-10,19
31885;556624-5063;20180415;3071;-375;351,6;0
31885;556624-5063;20180415;3090;-160;0;-40
31885;556624-5063;20180415;3092;-184;121,5;-46
31885;556624-5063;20180415;3110;-1480;0;-370
31885;556624-5063;20180415;3118;-320;0;-80
31885;556624-5063;20180415;1693;150;;
31885;556624-5063;20180415;1912;10566;;
31885;556624-5063;20180415;2444;887;;
31885;556624-5063;20180415;2445;74640,49;;
31885;556624-5063;20180415;3790;-499,8;;
31885;556624-5063;20180415;3740;0,27;;
31885;556624-5063;20180415;9400;2825,82;;
31885;556624-5063;20180415;9401;2495,88;;
31885;556624-5063;20180415;9403;91,89;;
35430;559070-9936;20180414;2424;-161,31;0;-9,69
35430;559070-9936;20180414;3010;-49204,89;0;-12301,3
35430;559070-9936;20180414;3021;-2900,85;1659,16;-348,1
35430;559070-9936;20180414;3022;-2896,31;1360;-347,89
35430;559070-9936;20180414;3023;-270,51;172,42;-32,49
35430;559070-9936;20180414;3024;-149,11;82,92;-17,89
35430;559070-9936;20180414;3025;-35,71;19,33;-4,29
35430;559070-9936;20180414;3027;-93,75;58,41;-11,25
35430;559070-9936;20180414;3028;-26,78;14;-3,22
35430;559070-9936;20180414;3040;-108;40,13;-27
35430;559070-9936;20180414;3044;-79,6;0;-19,9
35430;559070-9936;20180414;3047;-348;159,1;-87
35430;559070-9936;20180414;3048;-219,2;118,9;-54,8
35430;559070-9936;20180414;3049;-8;2,85;-2
35430;559070-9936;20180414;3050;-476,8;230,57;-119,2
35430;559070-9936;20180414;3051;-399,2;314,66;-99,8
35430;559070-9936;20180414;3055;-1640,8;1122,27;-410,2
35430;559070-9936;20180414;3056;-2640;2366,51;-660
35430;559070-9936;20180414;3058;-1927,65;989,45;-231,35
35430;559070-9936;20180414;3090;-1729,2;0;-432,3
35430;559070-9936;20180414;3092;-88;55,19;-22
35430;559070-9936;20180414;3110;-790;0;-197,5
35430;559070-9936;20180414;1912;2581,5;;
35430;559070-9936;20180414;2444;316,5;;
35430;559070-9936;20180414;2445;78459,69;;
35430;559070-9936;20180414;3790;-140,85;;
35430;559070-9936;20180414;2446;416;;
35430;559070-9936;20180414;9400;2451,38;;
35430;559070-9936;20180414;9401;3743,72;;
35430;559070-9936;20180414;9403;1966,16;;
36410;556758-4221;20180415;1693;-210;0;0
36410;556758-4221;20180415;2424;-133,94;0;-8,06
36410;556758-4221;20180415;3010;-28459,98;0;-7115,01
36410;556758-4221;20180415;3021;-1082,17;370,55;-129,83
36410;556758-4221;20180415;3022;-1187,54;568,56;-142,66
36410;556758-4221;20180415;3023;-295,54;201,86;-35,46
36410;556758-4221;20180415;3026;-32,14;17,85;-3,86
36410;556758-4221;20180415;3027;-14,29;7,55;-1,71
36410;556758-4221;20180415;3040;-376;119,12;-94
36410;556758-4221;20180415;3047;-103,2;48,52;-25,8
36410;556758-4221;20180415;3048;-175,2;82,52;-43,8
36410;556758-4221;20180415;3049;-12;12;-3
36410;556758-4221;20180415;3050;-24;15,2;-6
36410;556758-4221;20180415;3055;-785,2;534,2;-196,3
36410;556758-4221;20180415;3056;-1927,2;1755,14;-481,8
36410;556758-4221;20180415;3058;-956,2;475,72;-114,8
36410;556758-4221;20180415;3071;-10;9;0
36410;556758-4221;20180415;3090;-80;0;-20
36410;556758-4221;20180415;3092;-196;128,99;-49
36410;556758-4221;20180415;3100;-656;0;-164
36410;556758-4221;20180415;3109;-1752;0;-438
36410;556758-4221;20180415;3118;-120;0;-30
36410;556758-4221;20180415;1693;150;;
36410;556758-4221;20180415;1912;4417;;
36410;556758-4221;20180415;2444;891;;
36410;556758-4221;20180415;2445;41658,2;;
36410;556758-4221;20180415;2446;100;;
36410;556758-4221;20180415;3740;-0,66;;
36410;556758-4221;20180415;6385;476,15;;
36410;556758-4221;20180415;9400;2071,89;;
36410;556758-4221;20180415;9401;1765,3;;
36410;556758-4221;20180415;9403;60;;
49054;556889-6475;20180413;1679;-203,2;0;-50,8
49054;556889-6475;20180413;1682;-195;0;0
49054;556889-6475;20180413;2424;-373,56;0;-22,44
49054;556889-6475;20180413;2446;-500;0;0
49054;556889-6475;20180413;3010;-100928,74;0;-25232,06
49054;556889-6475;20180413;3021;-2984,89;1219,31;-358,11
49054;556889-6475;20180413;3022;-2308,61;1086,11;-277,39
49054;556889-6475;20180413;3023;-158,94;113,18;-19,06
49054;556889-6475;20180413;3026;-30,36;18;-3,64
49054;556889-6475;20180413;3028;-14,28;7;-1,72
49054;556889-6475;20180413;3040;-192;61,9;-48
49054;556889-6475;20180413;3041;-156;104;-39
49054;556889-6475;20180413;3047;-197,6;90,25;-49,4
49054;556889-6475;20180413;3048;-681,6;301,46;-170,4
49054;556889-6475;20180413;3049;-38,4;19,52;-9,6
49054;556889-6475;20180413;3050;-99,2;45,69;-24,8
49054;556889-6475;20180413;3051;-1077,6;725,58;-269,4
49054;556889-6475;20180413;3055;-2054,4;1427,28;-513,6
49054;556889-6475;20180413;3056;-6121,6;5445,79;-1530,4
49054;556889-6475;20180413;3057;-37,5;23,6;-4,5
49054;556889-6475;20180413;3058;-1411,67;664,1;-169,33
49054;556889-6475;20180413;3060;-24,43;24,43;-1,47
49054;556889-6475;20180413;3090;-8124,8;0;-2031,2
49054;556889-6475;20180413;3092;-150,4;102,57;-37,6
49054;556889-6475;20180413;3100;-692,8;0;-173,2
49054;556889-6475;20180413;3110;-952;0;-238
49054;556889-6475;20180413;3118;-540;0;-135
49054;556889-6475;20180413;1697;-2005;;
49054;556889-6475;20180413;1912;20486,5;;
49054;556889-6475;20180413;2444;1659,5;;
49054;556889-6475;20180413;2445;141284,69;;
49054;556889-6475;20180413;2446;229;;
49054;556889-6475;20180413;3740;5,01;;
49054;556889-6475;20180413;9400;5454,21;;
49054;556889-6475;20180413;9401;5759,86;;
49054;556889-6475;20180413;9403;178,5;;
49054;556889-6475;20180414;2424;-458,44;0;-27,56
49054;556889-6475;20180414;3010;-72590,07;0;-18147,44
49054;556889-6475;20180414;3021;-2522,43;1494,42;-302,57
49054;556889-6475;20180414;3022;-1411,41;637,25;-169,59
49054;556889-6475;20180414;3023;-94,65;72,5;-11,35
49054;556889-6475;20180414;3024;-71,43;44,11;-8,57
49054;556889-6475;20180414;3027;-49,11;40,05;-5,89
49054;556889-6475;20180414;3040;-296;103,71;-74
49054;556889-6475;20180414;3041;-151,2;96,93;-37,8
49054;556889-6475;20180414;3047;-570,4;279,65;-142,6
49054;556889-6475;20180414;3048;-461,6;191,44;-115,4
49054;556889-6475;20180414;3049;-9,6;1,71;-2,4
49054;556889-6475;20180414;3050;-71,2;29,49;-17,8
49054;556889-6475;20180414;3055;-1576;1087,87;-394
49054;556889-6475;20180414;3056;-4881,6;4305,01;-1220,4
49054;556889-6475;20180414;3058;-746,44;348,12;-89,56
49054;556889-6475;20180414;3060;-130,18;130,18;-7,82
49054;556889-6475;20180414;3090;-5625,6;0;-1406,4
49054;556889-6475;20180414;3100;-714;0;-178,5
49054;556889-6475;20180414;3110;-734;0;-183,5
49054;556889-6475;20180414;3118;-450;0;-112,5
49054;556889-6475;20180414;1912;15073;;
49054;556889-6475;20180414;2444;1214;;
49054;556889-6475;20180414;2445;99773,14;;
49054;556889-6475;20180414;2446;208;;
49054;556889-6475;20180414;3740;2,87;;
49054;556889-6475;20180414;9400;3659,77;;
49054;556889-6475;20180414;9401;3522,38;;
49054;556889-6475;20180414;9403;63,65;;
59820;556909-4633;20180415;1682;-100;0;0
59820;556909-4633;20180415;2424;-45,28;0;-2,72
59820;556909-4633;20180415;3010;-69465,08;0;-17366,24
59820;556909-4633;20180415;3021;-4667,51;3077,8;-560,08
59820;556909-4633;20180415;3022;-3004,14;1430,06;-360,86
59820;556909-4633;20180415;3023;-360,75;247,64;-43,25
59820;556909-4633;20180415;3024;-10,71;6,06;-1,29
59820;556909-4633;20180415;3026;-13,39;7,8;-1,61
59820;556909-4633;20180415;3027;-91,08;48,17;-10,92
59820;556909-4633;20180415;3028;-14,28;6;-1,72
59820;556909-4633;20180415;3040;-624;198,24;-156
59820;556909-4633;20180415;3041;-156;104;-39
59820;556909-4633;20180415;3047;-156,8;82,65;-39,2
59820;556909-4633;20180415;3048;-200,8;85,32;-50,2
59820;556909-4633;20180415;3049;-3,2;1,14;-0,8
59820;556909-4633;20180415;3050;-135,2;42,82;-33,8
59820;556909-4633;20180415;3055;-999,2;672,6;-249,8
59820;556909-4633;20180415;3056;-1816,8;1606,27;-454,2
59820;556909-4633;20180415;3057;-37,5;23,6;-4,5
59820;556909-4633;20180415;3058;-1539,04;756,66;-184,73
59820;556909-4633;20180415;3090;-5195,2;0;-1298,8
59820;556909-4633;20180415;3092;-35,2;21,16;-8,8
59820;556909-4633;20180415;3110;-184;0;-46
59820;556909-4633;20180415;1912;3388;;
59820;556909-4633;20180415;2444;1239;;
59820;556909-4633;20180415;2445;104660,83;;
59820;556909-4633;20180415;2446;482;;
59820;556909-4633;20180415;3740;-0,15;;
59820;556909-4633;20180415;9400;2534,53;;
59820;556909-4633;20180415;9401;3930,11;;
59820;556909-4633;20180415;9403;1373,92;;
85084;556483-6582;20180415;1679;-79,2;0;-19,8
85084;556483-6582;20180415;1682;-109;0;0
85084;556483-6582;20180415;2424;-1199,88;0;-72,12
85084;556483-6582;20180415;3010;-21314,68;0;-5328,66
85084;556483-6582;20180415;3021;-2154,6;939,63;-258,4
85084;556483-6582;20180415;3022;-2623,12;1069,39;-315,02
85084;556483-6582;20180415;3023;-64,29;51,65;-7,71
85084;556483-6582;20180415;3024;-104,46;62,05;-12,54
85084;556483-6582;20180415;3025;-219,65;132,67;-26,35
85084;556483-6582;20180415;3026;-26,79;22,68;-3,21
85084;556483-6582;20180415;3027;-10,71;6,81;-1,29
85084;556483-6582;20180415;3047;-630,4;350,8;-157,6
85084;556483-6582;20180415;3048;-365,6;200,1;-91,4
85084;556483-6582;20180415;3049;-27,2;15,97;-6,8
85084;556483-6582;20180415;3050;-31,2;15,57;-7,8
85084;556483-6582;20180415;3055;-1482,2;995,24;-370,55
85084;556483-6582;20180415;3056;-3056,8;2780,65;-764,2
85084;556483-6582;20180415;3057;-150;94,4;-18
85084;556483-6582;20180415;3058;-1934,03;1078,92;-231,97
85084;556483-6582;20180415;3060;-42,36;42,36;-2,54
85084;556483-6582;20180415;3090;-5736,8;0;-1434,2
85084;556483-6582;20180415;3092;-118,4;81,11;-29,6
85084;556483-6582;20180415;1912;6454;;
85084;556483-6582;20180415;2444;3043,74;;
85084;556483-6582;20180415;2445;41153,71;;
85084;556483-6582;20180415;3790;-10;;
85084;556483-6582;20180415;3740;-0,32;;
85084;556483-6582;20180415;9400;1409,23;;
85084;556483-6582;20180415;9401;1512,07;;
85084;556483-6582;20180415;9403;358,32;;
86019;556442-2011;20180413;1679;-295,2;0;-73,8
86019;556442-2011;20180413;1682;-95;0;0
86019;556442-2011;20180413;1693;-890;0;0
86019;556442-2011;20180413;2424;-569,79;0;-34,21
86019;556442-2011;20180413;3010;-50350,88;0;-12587,76
86019;556442-2011;20180413;3021;-7550,76;3153,09;-905,88
86019;556442-2011;20180413;3022;-4107,46;1952,76;-493,54
86019;556442-2011;20180413;3023;-266,08;186,66;-31,92
86019;556442-2011;20180413;3024;-703,59;420,51;-84,41
86019;556442-2011;20180413;3025;-16,52;11,28;-1,98
86019;556442-2011;20180413;3026;-100,89;55,83;-12,11
86019;556442-2011;20180413;3027;-79,47;44,29;-9,53
86019;556442-2011;20180413;3028;-19,64;12;-2,36
86019;556442-2011;20180413;3040;-536;195,2;-134
86019;556442-2011;20180413;3047;-186,4;90,25;-46,6
86019;556442-2011;20180413;3048;-508,8;235,06;-127,2
86019;556442-2011;20180413;3049;-248,8;163,73;-62,2
86019;556442-2011;20180413;3050;-347,2;196,17;-86,8
86019;556442-2011;20180413;3051;-598,4;408,49;-149,6
86019;556442-2011;20180413;3055;-4421,6;3099,86;-1105,4
86019;556442-2011;20180413;3056;-7266,4;6464,52;-1816,6
86019;556442-2011;20180413;3057;-68,75;42,5;-8,25
86019;556442-2011;20180413;3058;-2827,54;1202,84;-339,47
86019;556442-2011;20180413;3060;-47,16;47,16;-2,84
86019;556442-2011;20180413;3071;-10;9;0
86019;556442-2011;20180413;3090;-9876,8;0;-2469,2
86019;556442-2011;20180413;3092;-497,6;338,91;-124,4
86019;556442-2011;20180413;3110;-1356;0;-339
86019;556442-2011;20180413;1693;240;;
86019;556442-2011;20180413;1912;14732;;
86019;556442-2011;20180413;2444;2537;;
86019;556442-2011;20180413;2445;97250,73;;
86019;556442-2011;20180413;2446;504;;
86019;556442-2011;20180413;3790;-371,34;;
86019;556442-2011;20180413;3740;-0,6;;
86019;556442-2011;20180413;9400;2910,72;;
86019;556442-2011;20180413;9401;3853,7;;
86019;556442-2011;20180413;9403;7285,36;;
46084;556619-4444;20180417;1679;-156;0;-39
46084;556619-4444;20180417;1682;-100;0;0
46084;556619-4444;20180417;2424;-260,4;0;-15,6
46084;556619-4444;20180417;3010;-79099,37;0;-19774,78
46084;556619-4444;20180417;3021;-7362,76;3412,29;-890,94
46084;556619-4444;20180417;3022;-4849,01;2238,18;-582,49
46084;556619-4444;20180417;3023;-781,93;490,37;-93,87
46084;556619-4444;20180417;3024;-260,43;142,02;-31,27
46084;556619-4444;20180417;3025;-57,14;30,44;-6,86
46084;556619-4444;20180417;3026;-217,85;115,86;-26,15
46084;556619-4444;20180417;3027;-303,58;182,55;-36,42
46084;556619-4444;20180417;3028;-62,49;36;-7,51
46084;556619-4444;20180417;3040;-156;45,6;-39
46084;556619-4444;20180417;3041;-307,2;200,93;-76,8
46084;556619-4444;20180417;3047;-492,8;235,95;-123,2
46084;556619-4444;20180417;3048;-216;86;-54
46084;556619-4444;20180417;3049;-28,72;12,26;-7,18
46084;556619-4444;20180417;3050;-208,8;104,06;-52,2
46084;556619-4444;20180417;3052;-47,2;37,67;-11,8
46084;556619-4444;20180417;3055;-3895,2;2637,01;-973,8
46084;556619-4444;20180417;3056;-7328;6581,42;-1832
46084;556619-4444;20180417;3057;-75;47,2;-9
46084;556619-4444;20180417;3058;-2549,18;1314,28;-305,92
46084;556619-4444;20180417;3060;-204,61;204,61;-12,29
46084;556619-4444;20180417;3071;-279;260,1;0
46084;556619-4444;20180417;3090;-3823,2;0;-955,8
46084;556619-4444;20180417;3092;-564;367,57;-141
46084;556619-4444;20180417;3100;-128;0;-32
46084;556619-4444;20180417;3110;-672;0;-168
46084;556619-4444;20180417;3118;-160;0;-40
46084;556619-4444;20180417;1912;20268;;
46084;556619-4444;20180417;2444;2044,6;;
46084;556619-4444;20180417;2445;118700,31;;
46084;556619-4444;20180417;3790;-29;;
46084;556619-4444;20180417;3740;0,84;;
46084;556619-4444;20180417;9400;4608,22;;
46084;556619-4444;20180417;9401;4845,91;;
46084;556619-4444;20180417;9403;2839,85;;
49054;556889-6475;20180417;1679;-116;0;-29
49054;556889-6475;20180417;1682;-800;0;0
49054;556889-6475;20180417;2424;-614,2;0;-36,8
49054;556889-6475;20180417;3010;-61730,19;0;-15432,57
49054;556889-6475;20180417;3021;-2363,46;878,51;-283,54
49054;556889-6475;20180417;3022;-1529,26;702,24;-183,74
49054;556889-6475;20180417;3023;-125,88;93,87;-15,12
49054;556889-6475;20180417;3040;-156;52,2;-39
49054;556889-6475;20180417;3041;-151,2;96,93;-37,8
49054;556889-6475;20180417;3047;-250,4;114,55;-62,6
49054;556889-6475;20180417;3048;-407,2;181,98;-101,8
49054;556889-6475;20180417;3049;-6,4;1,14;-1,6
49054;556889-6475;20180417;3055;-1998,4;1298,08;-499,6
49054;556889-6475;20180417;3056;-4881,6;4317,49;-1220,4
49054;556889-6475;20180417;3057;-112,5;70,8;-13,5
49054;556889-6475;20180417;3058;-668,75;284,29;-80,25
49054;556889-6475;20180417;3060;-112,27;112,27;-6,73
49054;556889-6475;20180417;3090;-4275,6;0;-1068,9
49054;556889-6475;20180417;3092;-91,2;62,27;-22,8
49054;556889-6475;20180417;3100;-376,8;0;-94,2
49054;556889-6475;20180417;3110;-264;0;-66
49054;556889-6475;20180417;3118;-240;0;-60
49054;556889-6475;20180417;1912;19589;;
49054;556889-6475;20180417;2444;818;;
49054;556889-6475;20180417;2445;80117,36;;
49054;556889-6475;20180417;2446;100;;
49054;556889-6475;20180417;3740;2,9;;
49054;556889-6475;20180417;9400;3662,01;;
49054;556889-6475;20180417;9401;4439,37;;
49054;556889-6475;20180417;9403;395,48;;
86019;556442-2011;20180417;1679;-204;0;-51
86019;556442-2011;20180417;1682;-400;0;0
86019;556442-2011;20180417;1693;-630;0;0
86019;556442-2011;20180417;2424;-328,33;0;-19,67
86019;556442-2011;20180417;3010;-45484,37;0;-11371,09
86019;556442-2011;20180417;3021;-8090,84;4591,34;-970,82
86019;556442-2011;20180417;3022;-4288,67;2025,59;-515,33
86019;556442-2011;20180417;3023;-614,75;376,55;-73,75
86019;556442-2011;20180417;3024;-897,3;523,97;-107,7
86019;556442-2011;20180417;3026;-99,11;55,98;-11,89
86019;556442-2011;20180417;3027;-133,95;65,99;-16,05
86019;556442-2011;20180417;3028;-70,52;42;-8,48
86019;556442-2011;20180417;3040;-491,2;177,85;-122,8
86019;556442-2011;20180417;3041;-156;104;-39
86019;556442-2011;20180417;3047;-532;284,15;-133
86019;556442-2011;20180417;3048;-736,8;350,26;-184,2
86019;556442-2011;20180417;3049;-367,2;241,45;-91,8
86019;556442-2011;20180417;3050;-320,8;162,41;-80,2
86019;556442-2011;20180417;3051;-359,2;241,86;-89,8
86019;556442-2011;20180417;3055;-4366,4;3052,82;-1091,6
86019;556442-2011;20180417;3056;-5744,8;5139,43;-1436,2
86019;556442-2011;20180417;3058;-2934,73;1251,91;-352,27
86019;556442-2011;20180417;3060;-16,04;16,04;-0,96
86019;556442-2011;20180417;3090;-7121,6;0;-1780,4
86019;556442-2011;20180417;3092;-412;263,82;-103
86019;556442-2011;20180417;3110;-220;0;-55
86019;556442-2011;20180417;1693;450;;
86019;556442-2011;20180417;1699;210;;
86019;556442-2011;20180417;1912;16246;;
86019;556442-2011;20180417;2444;1421;;
86019;556442-2011;20180417;2445;85350,5;;
86019;556442-2011;20180417;2446;50;;
86019;556442-2011;20180417;3740;-0,88;;
86019;556442-2011;20180417;9400;2511,34;;
86019;556442-2011;20180417;9401;4008,18;;
86019;556442-2011;20180417;9403;10929,18;;
86222;556838-0793;20180417;1692;-2116;0;0
86222;556838-0793;20180417;1693;-5377,4;0;0
86222;556838-0793;20180417;1695;-450;0;0
86222;556838-0793;20180417;2424;-794,4;0;-47,6
86222;556838-0793;20180417;3000;-48;0;-12
86222;556838-0793;20180417;3010;-66778,75;0;-16694,68
86222;556838-0793;20180417;3021;-9989,05;4468,83;-1198,56
86222;556838-0793;20180417;3022;-6272,81;2972,66;-753,69
86222;556838-0793;20180417;3023;-910,76;646,96;-109,24
86222;556838-0793;20180417;3024;-183,02;91,44;-21,98
86222;556838-0793;20180417;3026;-216,96;111,86;-26,04
86222;556838-0793;20180417;3027;-199,99;103,16;-24,01
86222;556838-0793;20180417;3040;-1395,2;495,26;-348,8
86222;556838-0793;20180417;3047;-592;296,45;-148
86222;556838-0793;20180417;3048;-387,2;206,38;-96,8
86222;556838-0793;20180417;3049;-164,8;87,56;-41,2
86222;556838-0793;20180417;3050;-687,2;272,94;-171,8
86222;556838-0793;20180417;3052;-119,2;87,18;-29,8
86222;556838-0793;20180417;3055;-4212,8;2938,75;-1053,2
86222;556838-0793;20180417;3056;-7201,6;6585,41;-1800,4
86222;556838-0793;20180417;3057;-75;47,2;-9
86222;556838-0793;20180417;3058;-5170,92;2473,71;-620,58
86222;556838-0793;20180417;3060;-282,84;282,84;-16,96
86222;556838-0793;20180417;3061;-55,2;55,2;-13,8
86222;556838-0793;20180417;3062;-83,96;60,5;-5,04
86222;556838-0793;20180417;3071;-120;108;0
86222;556838-0793;20180417;3090;-11855,2;0;-2963,8
86222;556838-0793;20180417;3092;-792;534,99;-198
86222;556838-0793;20180417;1912;17071;;
86222;556838-0793;20180417;2444;1135;;
86222;556838-0793;20180417;2445;133527,46;;
86222;556838-0793;20180417;2446;1229,82;;
86222;556838-0793;20180417;3790;-26,56;;
86222;556838-0793;20180417;3740;0,52;;
86222;556838-0793;20180417;9400;3368,34;;
86222;556838-0793;20180417;9401;4748,33;;
86222;556838-0793;20180417;9403;14346,63;;
49047;559025-5849;20180418;1679;-272;0;-68
49047;559025-5849;20180418;1682;-550;0;0
49047;559025-5849;20180418;2424;-43,4;0;-2,6
49047;559025-5849;20180418;2446;-250;0;0
49047;559025-5849;20180418;3010;-65517,77;0;-16379,47
49047;559025-5849;20180418;3021;-2994,72;831,99;-359,28
49047;559025-5849;20180418;3022;-1762,27;806,93;-211,73
49047;559025-5849;20180418;3023;-325,01;221,95;-38,99
49047;559025-5849;20180418;3026;-112,5;65,51;-13,5
49047;559025-5849;20180418;3027;-28,57;15,8;-3,43
49047;559025-5849;20180418;3028;-49,1;31;-5,9
49047;559025-5849;20180418;3040;-688;200,12;-172
49047;559025-5849;20180418;3041;-463,2;304,93;-115,8
49047;559025-5849;20180418;3047;-425,6;212,16;-106,4
49047;559025-5849;20180418;3048;-236;122,38;-59
49047;559025-5849;20180418;3049;-12;8,04;-3
49047;559025-5849;20180418;3050;-102,4;47,87;-25,6
49047;559025-5849;20180418;3055;-573,6;372,57;-143,4
49047;559025-5849;20180418;3056;-6714,4;5989,91;-1678,6
49047;559025-5849;20180418;3057;-75;47,2;-9
49047;559025-5849;20180418;3058;-960,72;531,09;-115,28
49047;559025-5849;20180418;3060;-28,21;28,21;-1,69
49047;559025-5849;20180418;3090;-1447,2;0;-361,8
49047;559025-5849;20180418;3092;-291,2;189,86;-72,8
49047;559025-5849;20180418;3100;-80;0;-20
49047;559025-5849;20180418;3110;-304;0;-76
49047;559025-5849;20180418;3118;-80;0;-20
49047;559025-5849;20180418;1699;40;;
49047;559025-5849;20180418;1912;49070,35;;
49047;559025-5849;20180418;2444;2274;;
49047;559025-5849;20180418;2445;53011,41;;
49047;559025-5849;20180418;2446;51;;
49047;559025-5849;20180418;3740;3,38;;
49047;559025-5849;20180418;9400;4248,41;;
49047;559025-5849;20180418;9401;4022,35;;
49047;559025-5849;20180418;9403;72,66;;
56578;556890-0269;20180418;1682;-200;0;0
56578;556890-0269;20180418;2424;-133,96;0;-8,04
56578;556890-0269;20180418;3010;-80738,66;0;-20184,68
56578;556890-0269;20180418;3021;-5050,05;2053,66;-605,95
56578;556890-0269;20180418;3022;-3281,37;1565,34;-394,25
56578;556890-0269;20180418;3023;-381,5;252,01;-45,78
56578;556890-0269;20180418;3024;-35,71;16,95;-4,29
56578;556890-0269;20180418;3026;-13,39;7,28;-1,61
56578;556890-0269;20180418;3027;-246,06;132,92;-29,55
56578;556890-0269;20180418;3028;-7,14;3;-0,86
56578;556890-0269;20180418;3040;-812;264,04;-203
56578;556890-0269;20180418;3047;-192,8;92,3;-48,2
56578;556890-0269;20180418;3048;-546,4;273,52;-136,6
56578;556890-0269;20180418;3049;-3,2;1,14;-0,8
56578;556890-0269;20180418;3050;-452;264,08;-113
56578;556890-0269;20180418;3055;-2221,6;1509,58;-555,4
56578;556890-0269;20180418;3056;-3879,2;3530,28;-969,8
56578;556890-0269;20180418;3057;-37,5;23,6;-4,5
56578;556890-0269;20180418;3058;-2458,89;1239,83;-295,11
56578;556890-0269;20180418;3090;-3102,4;0;-775,6
56578;556890-0269;20180418;3092;-308;204,31;-77
56578;556890-0269;20180418;3110;-104;0;-26
56578;556890-0269;20180418;1912;11115;;
56578;556890-0269;20180418;2444;2622;;
56578;556890-0269;20180418;2445;115005,3;;
56578;556890-0269;20180418;3790;-56;;
56578;556890-0269;20180418;3740;-0,45;;
56578;556890-0269;20180418;9400;3348,41;;
56578;556890-0269;20180418;9401;9213,06;;
56578;556890-0269;20180418;9403;16717,2;;
