31270;556718-4311;20180414;2424;-395.23;0.00;-23.77
31270;556718-4311;20180414;3010;-85104.45;0.00;-21276.06
31270;556718-4311;20180414;3021;-4627.76;1863.19;-555.28
31270;556718-4311;20180414;3022;-5268.07;2385.07;-632.93
31270;556718-4311;20180414;3023;-815.18;541.07;-97.82
31270;556718-4311;20180414;3024;-116.07;80.84;-13.93
31270;556718-4311;20180414;3025;-41.07;27.71;-4.93
31270;556718-4311;20180414;3026;-155.37;95.60;-18.63
31270;556718-4311;20180414;3027;-121.43;66.81;-14.57
31270;556718-4311;20180414;3028;-31.24;20.00;-3.76
31270;556718-4311;20180414;3040;-821.60;271.63;-205.40
31270;556718-4311;20180414;3044;-80.13;0.00;-20.03
31270;556718-4311;20180414;3047;-548.00;243.50;-137.00
31270;556718-4311;20180414;3048;-351.20;167.97;-87.80
31270;556718-4311;20180414;3049;-320.80;263.11;-80.20
31270;556718-4311;20180414;3050;-1180.80;856.34;-295.20
31270;556718-4311;20180414;3051;-633.60;333.26;-158.40
31270;556718-4311;20180414;3055;-1705.60;1162.94;-426.40
31270;556718-4311;20180414;3056;-8615.20;7685.57;-2153.80
31270;556718-4311;20180414;3058;-3336.40;1662.91;-400.36
31270;556718-4311;20180414;3060;-23.58;23.58;-1.42
31270;556718-4311;20180414;3071;-900.00;846.00;0.00
31270;556718-4311;20180414;3090;-4458.40;0.00;-1114.60
31270;556718-4311;20180414;3092;-369.60;234.74;-92.40
31270;556718-4311;20180414;3100;-3568.00;0.00;-892.00
31270;556718-4311;20180414;3110;-1648.00;0.00;-412.00
31270;556718-4311;20180414;1912;17949.50;;
31270;556718-4311;20180414;2444;2248.52;;
31270;556718-4311;20180414;2445;132568.59;;
31270;556718-4311;20180414;2446;1584.60;;
31270;556718-4311;20180414;3740;1.15;;
31270;556718-4311;20180414;9400;5008.22;;
31270;556718-4311;20180414;9401;4361.86;;
31270;556718-4311;20180414;9403;1116.10;;
31885;556624-5063;20180406;1693;-770.00;0.00;0.00
31885;556624-5063;20180406;2424;-348.06;0.00;-20.94
31885;556624-5063;20180406;3010;-50459.41;0.00;-12614.87
31885;556624-5063;20180406;3021;-2704.53;832.40;-324.47
31885;556624-5063;20180406;3022;-2313.65;1125.25;-277.85
31885;556624-5063;20180406;3023;-179.91;119.69;-21.59
31885;556624-5063;20180406;3024;-119.64;60.17;-14.36
31885;556624-5063;20180406;3026;-36.61;20.58;-4.39
31885;556624-5063;20180406;3027;-111.58;54.90;-13.42
31885;556624-5063;20180406;3028;-66.96;36.54;-8.04
31885;556624-5063;20180406;3040;-188.00;63.92;-47.00
31885;556624-5063;20180406;3041;-156.00;104.00;-39.00
31885;556624-5063;20180406;3047;-849.60;419.25;-212.40
31885;556624-5063;20180406;3048;-1140.00;478.00;-285.00
31885;556624-5063;20180406;3049;-561.20;517.87;-140.30
31885;556624-5063;20180406;3050;-640.00;301.88;-160.00
31885;556624-5063;20180406;3051;-188.80;130.24;-47.20
31885;556624-5063;20180406;3055;-2677.60;1792.04;-669.40
31885;556624-5063;20180406;3056;-6406.00;5636.23;-1601.50
31885;556624-5063;20180406;3057;-143.75;89.70;-17.25
31885;556624-5063;20180406;3058;-2593.78;1345.02;-311.22
31885;556624-5063;20180406;3060;-163.87;163.87;-9.83
31885;556624-5063;20180406;3071;-1200.00;1081.30;0.00
31885;556624-5063;20180406;3090;-640.00;0.00;-160.00
31885;556624-5063;20180406;3092;-332.00;216.90;-83.00
31885;556624-5063;20180406;3110;-1540.00;0.00;-385.00
31885;556624-5063;20180406;3118;-280.00;0.00;-70.00
31885;556624-5063;20180406;1691;-1562.00;;
31885;556624-5063;20180406;1693;210.00;;
31885;556624-5063;20180406;1696;-13073.40;;
31885;556624-5063;20180406;1912;8417.00;;
31885;556624-5063;20180406;2444;1018.00;;
31885;556624-5063;20180406;2445;99838.53;;
31885;556624-5063;20180406;3740;0.75;;
31885;556624-5063;20180406;9400;2802.75;;
31885;556624-5063;20180406;9401;2946.36;;
31885;556624-5063;20180407;1679;-328.00;0.00;-82.00
31885;556624-5063;20180407;1682;-59.00;0.00;0.00
31885;556624-5063;20180407;1693;-540.00;0.00;0.00
31885;556624-5063;20180407;2424;-466.91;0.00;-28.09
31885;556624-5063;20180407;3010;-35677.56;0.00;-8919.41
31885;556624-5063;20180407;3021;-1400.37;484.02;-168.03
31885;556624-5063;20180407;3022;-1902.26;935.66;-228.44
31885;556624-5063;20180407;3023;-205.70;145.38;-24.70
31885;556624-5063;20180407;3024;-98.21;50.94;-11.79
31885;556624-5063;20180407;3027;-49.10;27.07;-5.90
31885;556624-5063;20180407;3028;-14.28;8.00;-1.72
31885;556624-5063;20180407;3040;-256.00;83.46;-64.00
31885;556624-5063;20180407;3047;-723.20;374.72;-180.80
31885;556624-5063;20180407;3048;-193.60;87.24;-48.40
31885;556624-5063;20180407;3049;-452.00;380.20;-113.00
31885;556624-5063;20180407;3050;-956.00;736.12;-239.00
31885;556624-5063;20180407;3051;-735.20;381.31;-183.80
31885;556624-5063;20180407;3055;-1557.60;1058.02;-389.40
31885;556624-5063;20180407;3056;-5876.00;5193.07;-1469.00
31885;556624-5063;20180407;3057;-31.25;18.90;-3.75
31885;556624-5063;20180407;3058;-1732.87;793.70;-207.93
31885;556624-5063;20180407;3060;-106.42;106.42;-6.38
31885;556624-5063;20180407;3071;-387.00;353.76;0.00
31885;556624-5063;20180407;3090;-480.00;0.00;-120.00
31885;556624-5063;20180407;3092;-163.20;113.31;-40.80
31885;556624-5063;20180407;3110;-2620.00;0.00;-655.00
31885;556624-5063;20180407;3118;-520.00;0.00;-130.00
31885;556624-5063;20180407;1693;120.00;;
31885;556624-5063;20180407;1696;-3595.00;;
31885;556624-5063;20180407;1912;6557.00;;
31885;556624-5063;20180407;2444;135.00;;
31885;556624-5063;20180407;2445;65663.18;;
31885;556624-5063;20180407;2446;433.00;;
31885;556624-5063;20180407;3740;-0.37;;
31885;556624-5063;20180407;9400;2052.89;;
31885;556624-5063;20180407;9401;1913.23;;
31885;556624-5063;20180407;9403;48.33;;
31885;556624-5063;20180414;1679;-124.00;0.00;-31.00
31885;556624-5063;20180414;1693;-300.00;0.00;0.00
31885;556624-5063;20180414;2424;-487.66;0.00;-29.34
31885;556624-5063;20180414;3010;-42069.65;0.00;-10517.38
31885;556624-5063;20180414;3021;-1459.82;418.57;-175.18
31885;556624-5063;20180414;3022;-2942.77;1453.05;-353.43
31885;556624-5063;20180414;3023;-343.27;235.09;-41.23
31885;556624-5063;20180414;3024;-55.36;30.36;-6.64
31885;556624-5063;20180414;3027;-64.28;35.25;-7.72
31885;556624-5063;20180414;3028;-26.78;16.00;-3.22
31885;556624-5063;20180414;3040;-1456.00;521.72;-364.00
31885;556624-5063;20180414;3047;180.00;-82.10;45.00
31885;556624-5063;20180414;3048;-326.40;126.30;-81.60
31885;556624-5063;20180414;3049;-406.40;357.01;-101.60
31885;556624-5063;20180414;3050;-417.60;301.76;-104.40
31885;556624-5063;20180414;3051;-2793.60;1538.59;-698.40
31885;556624-5063;20180414;3055;-2279.20;1552.30;-569.80
31885;556624-5063;20180414;3056;-6015.20;5388.66;-1503.80
31885;556624-5063;20180414;3057;-75.00;47.20;-9.00
31885;556624-5063;20180414;3058;-1998.21;898.96;-239.79
31885;556624-5063;20180414;3060;-216.79;216.79;-13.01
31885;556624-5063;20180414;3071;-562.00;515.44;0.00
31885;556624-5063;20180414;3090;-800.00;0.00;-200.00
31885;556624-5063;20180414;3092;-476.00;325.64;-119.00
31885;556624-5063;20180414;3110;-2840.00;0.00;-710.00
31885;556624-5063;20180414;3118;-480.00;0.00;-120.00
31885;556624-5063;20180414;1693;90.00;;
31885;556624-5063;20180414;1912;6153.50;;
31885;556624-5063;20180414;2444;1413.00;;
31885;556624-5063;20180414;2445;75946.16;;
31885;556624-5063;20180414;2446;602.34;;
31885;556624-5063;20180414;3740;-1.33;;
31885;556624-5063;20180414;9400;2501.15;;
31885;556624-5063;20180414;9401;1966.60;;
31885;556624-5063;20180415;1682;-75.00;0.00;0.00
31885;556624-5063;20180415;1693;-540.00;0.00;0.00
31885;556624-5063;20180415;2424;-600.86;0.00;-36.14
31885;556624-5063;20180415;3010;-51560.51;0.00;-12890.15
31885;556624-5063;20180415;3021;-1271.39;390.46;-152.61
31885;556624-5063;20180415;3022;-1421.74;774.17;-170.76
31885;556624-5063;20180415;3023;-332.56;236.95;-39.94
31885;556624-5063;20180415;3024;-25.89;12.83;-3.11
31885;556624-5063;20180415;3026;-107.15;67.53;-12.85
31885;556624-5063;20180415;3027;-28.57;14.75;-3.43
31885;556624-5063;20180415;3040;-296.00;104.05;-74.00
31885;556624-5063;20180415;3047;-638.40;333.51;-159.60
31885;556624-5063;20180415;3048;-348.80;168.51;-87.20
31885;556624-5063;20180415;3049;-151.20;118.38;-37.80
31885;556624-5063;20180415;3050;-76.00;33.39;-19.00
31885;556624-5063;20180415;3051;-633.60;333.26;-158.40
31885;556624-5063;20180415;3055;-2693.60;1852.51;-673.40
31885;556624-5063;20180415;3056;-3936.40;3489.25;-984.10
31885;556624-5063;20180415;3057;-31.25;18.90;-3.75
31885;556624-5063;20180415;3058;-1994.58;923.38;-239.42
31885;556624-5063;20180415;3060;-169.61;169.61;-10.19
31885;556624-5063;20180415;3071;-375.00;351.60;0.00
31885;556624-5063;20180415;3090;-160.00;0.00;-40.00
31885;556624-5063;20180415;3092;-184.00;121.50;-46.00
31885;556624-5063;20180415;3110;-1480.00;0.00;-370.00
31885;556624-5063;20180415;3118;-320.00;0.00;-80.00
31885;556624-5063;20180415;1693;270.00;;
31885;556624-5063;20180415;1912;10566.00;;
31885;556624-5063;20180415;2444;887.00;;
31885;556624-5063;20180415;2445;74640.49;;
31885;556624-5063;20180415;3740;0.27;;
31885;556624-5063;20180415;9400;2825.82;;
31885;556624-5063;20180415;9401;2495.88;;
31885;556624-5063;20180415;9403;91.89;;
31885;556624-5063;20180419;1679;-312.00;0.00;-78.00
31885;556624-5063;20180419;1682;-40.00;0.00;0.00
31885;556624-5063;20180419;1693;-540.00;0.00;0.00
31885;556624-5063;20180419;2424;-640.60;0.00;-38.40
31885;556624-5063;20180419;3010;-53099.35;0.00;-13274.82
31885;556624-5063;20180419;3021;-3172.34;1218.46;-380.66
31885;556624-5063;20180419;3022;-1830.84;903.07;-219.86
31885;556624-5063;20180419;3023;-666.07;474.35;-79.93
31885;556624-5063;20180419;3024;-48.21;25.43;-5.79
31885;556624-5063;20180419;3026;-84.83;54.27;-10.17
31885;556624-5063;20180419;3027;-116.96;65.08;-14.04
31885;556624-5063;20180419;3028;-12.50;8.00;-1.50
31885;556624-5063;20180419;3040;-376.00;127.84;-94.00
31885;556624-5063;20180419;3047;-1299.20;622.50;-324.80
31885;556624-5063;20180419;3048;-787.20;335.30;-196.80
31885;556624-5063;20180419;3049;-402.40;292.78;-100.60
31885;556624-5063;20180419;3050;-40.00;19.23;-10.00
31885;556624-5063;20180419;3051;-280.80;159.50;-70.20
31885;556624-5063;20180419;3055;-2888.00;1973.75;-722.00
31885;556624-5063;20180419;3056;-7105.60;6251.65;-1776.40
31885;556624-5063;20180419;3058;-2095.53;1061.49;-251.47
31885;556624-5063;20180419;3060;-74.43;74.43;-4.47
31885;556624-5063;20180419;3071;-826.00;756.02;0.00
31885;556624-5063;20180419;3090;-960.00;0.00;-240.00
31885;556624-5063;20180419;3092;-628.80;420.31;-157.20
31885;556624-5063;20180419;3110;-160.00;0.00;-40.00
31885;556624-5063;20180419;3118;-40.00;0.00;-10.00
31885;556624-5063;20180419;1691;-3827.00;;
31885;556624-5063;20180419;1693;330.00;;
31885;556624-5063;20180419;1912;10361.00;;
31885;556624-5063;20180419;2444;1663.00;;
31885;556624-5063;20180419;2445;87490.31;;
31885;556624-5063;20180419;2446;709.00;;
31885;556624-5063;20180419;3740;0.99;;
31885;556624-5063;20180419;9400;2814.25;;
31885;556624-5063;20180419;9401;3409.83;;
31885;556624-5063;20180419;9403;90.38;;
35430;559070-9936;20180406;1679;-239.20;0.00;-59.80
35430;559070-9936;20180406;2424;-64.15;0.00;-3.85
35430;559070-9936;20180406;3010;-59803.46;0.00;-14950.88
35430;559070-9936;20180406;3021;-4444.61;2123.37;-540.39
35430;559070-9936;20180406;3022;-3134.05;1432.50;-376.56
35430;559070-9936;20180406;3023;-216.53;143.00;-25.98
35430;559070-9936;20180406;3024;-22.32;13.31;-2.68
35430;559070-9936;20180406;3027;-63.38;31.32;-7.62
35430;559070-9936;20180406;3028;-59.62;29.00;-7.18
35430;559070-9936;20180406;3040;-68.00;26.70;-17.00
35430;559070-9936;20180406;3041;-156.00;108.95;-39.00
35430;559070-9936;20180406;3044;-46.80;0.00;-11.70
35430;559070-9936;20180406;3047;-101.60;53.10;-25.40
35430;559070-9936;20180406;3048;-569.60;266.82;-142.40
35430;559070-9936;20180406;3049;-122.40;75.41;-30.60
35430;559070-9936;20180406;3050;-25.60;11.20;-6.40
35430;559070-9936;20180406;3055;-1255.20;864.91;-313.80
35430;559070-9936;20180406;3056;-3186.40;2853.14;-796.60
35430;559070-9936;20180406;3057;-75.00;47.20;-9.00
35430;559070-9936;20180406;3058;-1859.46;934.33;-223.14
35430;559070-9936;20180406;3090;-4152.40;0.00;-1038.10
35430;559070-9936;20180406;3092;-503.60;322.52;-125.90
35430;559070-9936;20180406;1912;3534.00;;
35430;559070-9936;20180406;2422;72.00;;
35430;559070-9936;20180406;2444;2390.50;;
35430;559070-9936;20180406;2445;93228.45;;
35430;559070-9936;20180406;2446;72.00;;
35430;559070-9936;20180406;3740;-0.66;;
35430;559070-9936;20180406;9400;2026.92;;
35430;559070-9936;20180406;9401;8033.44;;
35430;559070-9936;20180406;9403;15262.45;;
35430;559070-9936;20180411;1679;-558.40;0.00;-139.60
35430;559070-9936;20180411;1682;-100.00;0.00;0.00
35430;559070-9936;20180411;2424;-126.40;0.00;-7.60
35430;559070-9936;20180411;3010;-48996.76;0.00;-12249.20
35430;559070-9936;20180411;3021;-5576.08;3219.70;-669.00
35430;559070-9936;20180411;3022;-2751.51;1288.60;-330.59
35430;559070-9936;20180411;3023;-301.80;197.16;-36.21
35430;559070-9936;20180411;3024;-23.21;11.74;-2.79
35430;559070-9936;20180411;3027;-70.54;39.38;-8.46
35430;559070-9936;20180411;3040;-23.20;14.90;-5.80
35430;559070-9936;20180411;3041;-156.00;104.00;-39.00
35430;559070-9936;20180411;3047;-35.20;14.40;-8.80
35430;559070-9936;20180411;3048;-485.60;203.92;-121.40
35430;559070-9936;20180411;3049;-16.00;14.97;-4.00
35430;559070-9936;20180411;3050;-159.20;85.00;-39.80
35430;559070-9936;20180411;3055;-1752.00;1223.69;-438.00
35430;559070-9936;20180411;3056;-2883.20;2626.82;-720.80
35430;559070-9936;20180411;3057;-37.50;23.60;-4.50
35430;559070-9936;20180411;3058;-1751.58;872.76;-210.18
35430;559070-9936;20180411;3060;-65.09;65.09;-3.91
35430;559070-9936;20180411;3070;-39.20;20.00;-9.80
35430;559070-9936;20180411;3090;-3188.40;0.00;-797.10
35430;559070-9936;20180411;3092;-40.00;25.90;-10.00
35430;559070-9936;20180411;3110;-390.00;0.00;-97.50
35430;559070-9936;20180411;1912;4203.50;;
35430;559070-9936;20180411;2422;11.00;;
35430;559070-9936;20180411;2444;400.98;;
35430;559070-9936;20180411;2445;80231.52;;
35430;559070-9936;20180411;2446;645.00;;
35430;559070-9936;20180411;3740;0.00;;
35430;559070-9936;20180411;9400;1894.55;;
35430;559070-9936;20180411;9401;7300.71;;
35430;559070-9936;20180411;9403;19633.77;;
35430;559070-9936;20180414;2424;-161.31;0.00;-9.69
35430;559070-9936;20180414;3010;-49204.89;0.00;-12301.30
35430;559070-9936;20180414;3021;-2900.85;1659.16;-348.10
35430;559070-9936;20180414;3022;-2896.31;1350.46;-347.89
35430;559070-9936;20180414;3023;-270.51;172.42;-32.49
35430;559070-9936;20180414;3024;-149.11;82.92;-17.89
35430;559070-9936;20180414;3025;-35.71;19.33;-4.29
35430;559070-9936;20180414;3027;-93.75;58.41;-11.25
35430;559070-9936;20180414;3028;-26.78;14.00;-3.22
35430;559070-9936;20180414;3040;-108.00;40.13;-27.00
35430;559070-9936;20180414;3044;-79.60;0.00;-19.90
35430;559070-9936;20180414;3047;-348.00;159.10;-87.00
35430;559070-9936;20180414;3048;-219.20;118.90;-54.80
35430;559070-9936;20180414;3049;-8.00;2.85;-2.00
35430;559070-9936;20180414;3050;-476.80;230.57;-119.20
35430;559070-9936;20180414;3051;-399.20;314.66;-99.80
35430;559070-9936;20180414;3055;-1640.80;1122.27;-410.20
35430;559070-9936;20180414;3056;-2640.00;2366.51;-660.00
35430;559070-9936;20180414;3058;-1927.65;986.98;-231.35
35430;559070-9936;20180414;3090;-1729.20;0.00;-432.30
35430;559070-9936;20180414;3092;-88.00;55.19;-22.00
35430;559070-9936;20180414;3110;-790.00;0.00;-197.50
35430;559070-9936;20180414;1912;2581.50;;
35430;559070-9936;20180414;2444;316.50;;
35430;559070-9936;20180414;2445;78459.69;;
35430;559070-9936;20180414;2446;416.00;;
35430;559070-9936;20180414;3740;0.00;;
35430;559070-9936;20180414;9400;2451.38;;
35430;559070-9936;20180414;9401;3743.72;;
35430;559070-9936;20180414;9403;1966.16;;
35430;559070-9936;20180416;1679;-283.20;0.00;-70.80
35430;559070-9936;20180416;2424;-43.40;0.00;-2.60
35430;559070-9936;20180416;3010;-41684.01;0.00;-10420.99
35430;559070-9936;20180416;3021;-4641.69;2160.60;-571.28
35430;559070-9936;20180416;3022;-2097.26;993.28;-251.94
35430;559070-9936;20180416;3023;-417.87;269.00;-50.13
35430;559070-9936;20180416;3024;-66.07;31.03;-7.93
35430;559070-9936;20180416;3027;-34.38;20.17;-4.12
35430;559070-9936;20180416;3028;-19.64;11.00;-2.36
35430;559070-9936;20180416;3040;-188.00;55.20;-47.00
35430;559070-9936;20180416;3041;-156.00;104.00;-39.00
35430;559070-9936;20180416;3044;-120.83;0.00;-30.21
35430;559070-9936;20180416;3047;-103.20;52.00;-25.80
35430;559070-9936;20180416;3048;-194.40;91.25;-48.60
35430;559070-9936;20180416;3049;-48.80;27.42;-12.20
35430;559070-9936;20180416;3055;-1454.40;1010.80;-363.60
35430;559070-9936;20180416;3056;-2633.60;2422.02;-658.40
35430;559070-9936;20180416;3058;-1321.91;683.03;-158.70
35430;559070-9936;20180416;3060;-65.09;65.09;-3.91
35430;559070-9936;20180416;3090;-1299.20;0.00;-324.80
35430;559070-9936;20180416;3110;-198.00;0.00;-49.50
35430;559070-9936;20180416;1683;45.00;;
35430;559070-9936;20180416;1912;3091.50;;
35430;559070-9936;20180416;2422;80.00;;
35430;559070-9936;20180416;2444;676.04;;
35430;559070-9936;20180416;2445;66322.08;;
35430;559070-9936;20180416;2446;80.00;;
35430;559070-9936;20180416;3740;0.00;;
35430;559070-9936;20180416;9400;2090.57;;
35430;559070-9936;20180416;9401;5892.46;;
35430;559070-9936;20180416;9403;18851.09;;
36410;556758-4221;20180406;1679;-755.20;0.00;-188.80
36410;556758-4221;20180406;1682;-95.00;0.00;0.00
36410;556758-4221;20180406;1693;-430.00;0.00;0.00
36410;556758-4221;20180406;2424;-414.12;0.00;-24.88
36410;556758-4221;20180406;3010;-96765.64;0.00;-24191.47
36410;556758-4221;20180406;3021;-9192.44;4740.82;-1102.96
36410;556758-4221;20180406;3022;-4929.90;2292.07;-592.10
36410;556758-4221;20180406;3023;-1037.57;674.18;-124.43
36410;556758-4221;20180406;3024;-350.00;182.27;-42.00
36410;556758-4221;20180406;3026;-113.39;67.93;-13.61
36410;556758-4221;20180406;3027;-14.29;7.55;-1.71
36410;556758-4221;20180406;3028;-58.92;36.00;-7.08
36410;556758-4221;20180406;3040;-376.00;109.72;-94.00
36410;556758-4221;20180406;3047;-1025.60;506.95;-256.40
36410;556758-4221;20180406;3048;-1416.00;635.06;-354.00
36410;556758-4221;20180406;3049;-143.20;121.26;-35.80
36410;556758-4221;20180406;3050;-179.20;70.42;-44.80
36410;556758-4221;20180406;3051;-239.20;166.63;-59.80
36410;556758-4221;20180406;3055;-4054.40;2760.90;-1013.60
36410;556758-4221;20180406;3056;-7030.40;6276.04;-1757.60
36410;556758-4221;20180406;3057;-37.50;23.60;-4.50
36410;556758-4221;20180406;3058;-2088.36;1013.78;-250.64
36410;556758-4221;20180406;3071;-110.00;92.70;0.00
36410;556758-4221;20180406;3090;-10536.80;0.00;-2634.20
36410;556758-4221;20180406;3092;-368.80;245.51;-92.20
36410;556758-4221;20180406;3100;-4512.00;0.00;-1128.00
36410;556758-4221;20180406;3109;-1036.00;0.00;-259.00
36410;556758-4221;20180406;3110;-1724.00;0.00;-431.00
36410;556758-4221;20180406;3118;-480.00;0.00;-120.00
36410;556758-4221;20180406;1693;240.00;;
36410;556758-4221;20180406;1912;16011.00;;
36410;556758-4221;20180406;2444;7430.00;;
36410;556758-4221;20180406;2445;159377.62;;
36410;556758-4221;20180406;2446;1337.79;;
36410;556758-4221;20180406;3740;1.10;;
36410;556758-4221;20180406;9400;6094.34;;
36410;556758-4221;20180406;9401;7594.41;;
36410;556758-4221;20180406;9403;787.24;;
36410;556758-4221;20180409;1679;-364.00;0.00;-91.00
36410;556758-4221;20180409;1682;-100.00;0.00;0.00
36410;556758-4221;20180409;1693;-450.00;0.00;0.00
36410;556758-4221;20180409;2424;-408.46;0.00;-24.54
36410;556758-4221;20180409;3010;-81200.92;0.00;-20300.28
36410;556758-4221;20180409;3021;-8374.24;4085.17;-1004.76
36410;556758-4221;20180409;3022;-3679.89;1716.01;-442.11
36410;556758-4221;20180409;3023;-843.37;541.87;-101.13
36410;556758-4221;20180409;3024;-133.93;79.28;-16.07
36410;556758-4221;20180409;3025;-102.68;71.75;-12.32
36410;556758-4221;20180409;3026;-50.89;28.63;-6.11
36410;556758-4221;20180409;3027;-32.13;11.85;-3.87
36410;556758-4221;20180409;3028;-67.84;36.00;-8.16
36410;556758-4221;20180409;3040;-720.00;226.52;-180.00
36410;556758-4221;20180409;3047;-246.40;120.40;-61.60
36410;556758-4221;20180409;3048;-967.20;439.43;-241.80
36410;556758-4221;20180409;3049;-97.20;77.71;-24.30
36410;556758-4221;20180409;3050;-120.00;45.25;-30.00
36410;556758-4221;20180409;3051;-239.20;166.63;-59.80
36410;556758-4221;20180409;3055;-3833.60;2581.75;-958.40
36410;556758-4221;20180409;3056;-6237.60;5629.72;-1559.40
36410;556758-4221;20180409;3058;-1897.30;912.15;-227.70
36410;556758-4221;20180409;3071;-500.00;418.50;0.00
36410;556758-4221;20180409;3090;-2671.20;0.00;-667.80
36410;556758-4221;20180409;3092;-650.40;429.76;-162.60
36410;556758-4221;20180409;3100;-2688.00;0.00;-672.00
36410;556758-4221;20180409;3110;-924.00;0.00;-231.00
36410;556758-4221;20180409;3118;-180.00;0.00;-45.00
36410;556758-4221;20180409;1693;300.00;;
36410;556758-4221;20180409;1699;79.80;;
36410;556758-4221;20180409;1912;14674.00;;
36410;556758-4221;20180409;2444;4050.50;;
36410;556758-4221;20180409;2445;125688.55;;
36410;556758-4221;20180409;2446;115.00;;
36410;556758-4221;20180409;3740;1.19;;
36410;556758-4221;20180409;6385;0.00;;
36410;556758-4221;20180409;9400;4681.27;;
36410;556758-4221;20180409;9401;7203.71;;
36410;556758-4221;20180409;9403;448.10;;
36410;556758-4221;20180410;1679;-79.20;0.00;-19.80
36410;556758-4221;20180410;1682;-100.00;0.00;0.00
36410;556758-4221;20180410;1693;-690.00;0.00;0.00
36410;556758-4221;20180410;2424;-394.32;0.00;-23.68
36410;556758-4221;20180410;3010;-79232.33;0.00;-19808.17
36410;556758-4221;20180410;3021;-8472.30;4447.88;-1016.70
36410;556758-4221;20180410;3022;-4359.27;2008.80;-523.73
36410;556758-4221;20180410;3023;-1068.87;672.71;-128.13
36410;556758-4221;20180410;3024;-190.18;97.83;-22.82
36410;556758-4221;20180410;3025;-32.14;17.84;-3.86
36410;556758-4221;20180410;3026;-204.45;106.77;-24.55
36410;556758-4221;20180410;3027;-87.51;49.29;-10.49
36410;556758-4221;20180410;3028;-92.84;55.00;-11.16
36410;556758-4221;20180410;3040;-899.20;297.06;-224.80
36410;556758-4221;20180410;3041;-307.20;200.93;-76.80
36410;556758-4221;20180410;3047;-318.40;173.90;-79.60
36410;556758-4221;20180410;3048;-1073.60;469.86;-268.40
36410;556758-4221;20180410;3049;-100.40;63.70;-25.10
36410;556758-4221;20180410;3050;-349.60;182.57;-87.40
36410;556758-4221;20180410;3055;-4337.60;2965.92;-1084.40
36410;556758-4221;20180410;3056;-7120.00;6467.41;-1780.00
36410;556758-4221;20180410;3057;-37.50;23.60;-4.50
36410;556758-4221;20180410;3058;-1970.49;930.99;-236.51
36410;556758-4221;20180410;3071;-100.00;83.70;0.00
36410;556758-4221;20180410;3090;-320.00;0.00;-80.00
36410;556758-4221;20180410;3092;-336.00;225.83;-84.00
36410;556758-4221;20180410;3100;-3312.00;0.00;-828.00
36410;556758-4221;20180410;3110;-1440.00;0.00;-360.00
36410;556758-4221;20180410;3118;-360.00;0.00;-90.00
36410;556758-4221;20180410;1518;970.00;;
36410;556758-4221;20180410;1693;290.00;;
36410;556758-4221;20180410;1912;13385.00;;
36410;556758-4221;20180410;2444;3007.00;;
36410;556758-4221;20180410;2445;125754.42;;
36410;556758-4221;20180410;2446;389.00;;
36410;556758-4221;20180410;3740;0.65;;
36410;556758-4221;20180410;9400;4926.03;;
36410;556758-4221;20180410;9401;7450.09;;
36410;556758-4221;20180410;9403;1195.88;;
36410;556758-4221;20180415;1679;-199.20;0.00;-49.80
36410;556758-4221;20180415;1682;-100.00;0.00;0.00
36410;556758-4221;20180415;1693;-360.00;0.00;0.00
36410;556758-4221;20180415;2424;-662.18;0.00;-39.82
36410;556758-4221;20180415;3010;-66964.59;0.00;-16741.17
36410;556758-4221;20180415;3021;-3478.77;1490.41;-417.43
36410;556758-4221;20180415;3022;-2438.24;1156.94;-292.96
36410;556758-4221;20180415;3023;-603.17;415.30;-72.33
36410;556758-4221;20180415;3026;-65.18;33.96;-7.82
36410;556758-4221;20180415;3027;-73.21;32.29;-8.79
36410;556758-4221;20180415;3028;-56.25;33.00;-6.75
36410;556758-4221;20180415;3040;-643.20;226.94;-160.80
36410;556758-4221;20180415;3047;-556.80;260.64;-139.20
36410;556758-4221;20180415;3048;-708.00;359.83;-177.00
36410;556758-4221;20180415;3049;-177.60;167.82;-44.40
36410;556758-4221;20180415;3050;-183.20;97.20;-45.80
36410;556758-4221;20180415;3055;-1760.40;1195.36;-440.10
36410;556758-4221;20180415;3056;-4878.40;4362.16;-1219.60
36410;556758-4221;20180415;3057;-150.00;94.40;-18.00
36410;556758-4221;20180415;3058;-1640.59;791.59;-196.91
36410;556758-4221;20180415;3071;-10.00;9.00;0.00
36410;556758-4221;20180415;3090;-120.00;0.00;-30.00
36410;556758-4221;20180415;3092;-536.00;361.67;-134.00
36410;556758-4221;20180415;3100;-3008.00;0.00;-752.00
36410;556758-4221;20180415;3109;-2708.00;0.00;-677.00
36410;556758-4221;20180415;3110;-1580.00;0.00;-395.00
36410;556758-4221;20180415;3118;-480.00;0.00;-120.00
36410;556758-4221;20180415;1693;420.00;;
36410;556758-4221;20180415;1912;18740.00;;
36410;556758-4221;20180415;2444;4190.00;;
36410;556758-4221;20180415;2445;206436.46;;
36410;556758-4221;20180415;2446;626.40;;
36410;556758-4221;20180415;3740;-0.12;;
36410;556758-4221;20180415;6385;2245.26;;
36410;556758-4221;20180415;9400;7049.10;;
36410;556758-4221;20180415;9401;6283.55;;
36410;556758-4221;20180415;9403;354.32;;
36410;556758-4221;20180419;1679;-152.00;0.00;-38.00
36410;556758-4221;20180419;1682;-150.00;0.00;0.00
36410;556758-4221;20180419;1693;-370.00;0.00;0.00
36410;556758-4221;20180419;2424;-317.94;0.00;-19.06
36410;556758-4221;20180419;2446;-1000.00;0.00;0.00
36410;556758-4221;20180419;3010;-91741.07;0.00;-22935.32
36410;556758-4221;20180419;3021;-8868.75;4914.79;-1064.25
36410;556758-4221;20180419;3022;-4869.07;2306.98;-584.93
36410;556758-4221;20180419;3023;-1021.54;677.94;-122.46
36410;556758-4221;20180419;3024;-116.07;59.53;-13.93
36410;556758-4221;20180419;3025;-135.71;80.81;-16.29
36410;556758-4221;20180419;3026;-185.70;97.77;-22.30
36410;556758-4221;20180419;3027;-55.36;28.69;-6.64
36410;556758-4221;20180419;3028;-63.38;39.00;-7.62
36410;556758-4221;20180419;3040;-312.00;94.40;-78.00
36410;556758-4221;20180419;3047;-649.60;308.55;-162.40
36410;556758-4221;20180419;3048;-401.60;222.90;-100.40
36410;556758-4221;20180419;3049;-4.80;1.71;-1.20
36410;556758-4221;20180419;3050;-1267.20;901.84;-316.80
36410;556758-4221;20180419;3051;-717.60;499.89;-179.40
36410;556758-4221;20180419;3055;-4221.60;2842.91;-1055.40
36410;556758-4221;20180419;3056;-6784.00;6081.72;-1696.00
36410;556758-4221;20180419;3057;-37.50;23.60;-4.50
36410;556758-4221;20180419;3058;-2343.93;1233.69;-281.32
36410;556758-4221;20180419;3071;-100.00;90.00;0.00
36410;556758-4221;20180419;3090;-200.00;0.00;-50.00
36410;556758-4221;20180419;3092;-592.00;400.02;-148.00
36410;556758-4221;20180419;3100;-3952.00;0.00;-988.00
36410;556758-4221;20180419;3110;-1620.00;0.00;-405.00
36410;556758-4221;20180419;3118;-420.00;0.00;-105.00
36410;556758-4221;20180419;1518;530.00;;
36410;556758-4221;20180419;1693;150.00;;
36410;556758-4221;20180419;1699;240.00;;
36410;556758-4221;20180419;1912;13452.00;;
36410;556758-4221;20180419;2444;4547.00;;
36410;556758-4221;20180419;2445;142847.11;;
36410;556758-4221;20180419;2446;1302.76;;
36410;556758-4221;20180419;3740;1.09;;
36410;556758-4221;20180419;9400;5189.32;;
36410;556758-4221;20180419;9401;8033.51;;
36410;556758-4221;20180419;9403;721.14;;
46041;556703-5547;20180416;1682;-250.00;0.00;0.00
46041;556703-5547;20180416;2424;-114.15;0.00;-6.85
46041;556703-5547;20180416;3010;-75005.63;0.00;-18751.44
46041;556703-5547;20180416;3019;-2254.78;0.00;-563.70
46041;556703-5547;20180416;3021;-4901.46;2397.72;-588.09
46041;556703-5547;20180416;3022;-3212.58;1457.31;-385.92
46041;556703-5547;20180416;3023;-303.23;207.22;-36.37
46041;556703-5547;20180416;3024;-35.71;16.95;-4.29
46041;556703-5547;20180416;3026;-116.97;68.44;-14.03
46041;556703-5547;20180416;3027;-321.50;171.79;-38.60
46041;556703-5547;20180416;3028;-39.28;23.00;-4.72
46041;556703-5547;20180416;3040;-412.00;114.78;-103.00
46041;556703-5547;20180416;3047;-556.80;260.98;-139.20
46041;556703-5547;20180416;3048;-504.80;225.99;-126.20
46041;556703-5547;20180416;3049;-23.20;11.51;-5.80
46041;556703-5547;20180416;3050;-36.80;22.30;-9.20
46041;556703-5547;20180416;3055;-1446.40;968.94;-361.60
46041;556703-5547;20180416;3056;-8939.20;7899.38;-2234.80
46041;556703-5547;20180416;3057;-75.00;47.20;-9.00
46041;556703-5547;20180416;3058;-1912.74;951.42;-229.57
46041;556703-5547;20180416;3060;-42.45;42.45;-2.55
46041;556703-5547;20180416;3071;-339.00;304.86;0.00
46041;556703-5547;20180416;3090;-5221.60;0.00;-1305.40
46041;556703-5547;20180416;3092;-343.20;238.19;-85.80
46041;556703-5547;20180416;3100;-1873.60;0.00;-468.40
46041;556703-5547;20180416;3109;-1084.00;0.00;-271.00
46041;556703-5547;20180416;3110;-1880.00;0.00;-470.00
46041;556703-5547;20180416;3118;-260.00;0.00;-65.00
46041;556703-5547;20180416;1912;21284.00;;
46041;556703-5547;20180416;2444;4731.00;;
46041;556703-5547;20180416;2445;110584.72;;
46041;556703-5547;20180416;2446;981.42;;
46041;556703-5547;20180416;3740;2.97;;
46041;556703-5547;20180416;9400;4641.90;;
46041;556703-5547;20180416;9401;5489.64;;
46041;556703-5547;20180416;9403;1125.81;;
46041;556703-5547;20180416;9408;1195.49;;
46084;556619-4444;20180417;1679;-156.00;0.00;-39.00
46084;556619-4444;20180417;1682;-100.00;0.00;0.00
46084;556619-4444;20180417;2424;-260.40;0.00;-15.60
46084;556619-4444;20180417;3010;-79099.37;0.00;-19774.78
46084;556619-4444;20180417;3021;-7362.76;3411.88;-890.94
46084;556619-4444;20180417;3022;-4849.01;2220.91;-582.49
46084;556619-4444;20180417;3023;-781.93;489.96;-93.87
46084;556619-4444;20180417;3024;-260.43;142.02;-31.27
46084;556619-4444;20180417;3025;-57.14;30.44;-6.86
46084;556619-4444;20180417;3026;-217.85;115.86;-26.15
46084;556619-4444;20180417;3027;-303.58;182.55;-36.42
46084;556619-4444;20180417;3028;-62.49;36.00;-7.51
46084;556619-4444;20180417;3040;-156.00;45.60;-39.00
46084;556619-4444;20180417;3041;-307.20;200.93;-76.80
46084;556619-4444;20180417;3047;-492.80;235.95;-123.20
46084;556619-4444;20180417;3048;-216.00;86.00;-54.00
46084;556619-4444;20180417;3049;-28.72;12.26;-7.18
46084;556619-4444;20180417;3050;-208.80;104.06;-52.20
46084;556619-4444;20180417;3052;-47.20;37.67;-11.80
46084;556619-4444;20180417;3055;-3895.20;2637.01;-973.80
46084;556619-4444;20180417;3056;-7328.00;6581.42;-1832.00
46084;556619-4444;20180417;3057;-75.00;47.20;-9.00
46084;556619-4444;20180417;3058;-2549.18;1311.62;-305.92
46084;556619-4444;20180417;3060;-204.61;204.61;-12.29
46084;556619-4444;20180417;3071;-279.00;260.10;0.00
46084;556619-4444;20180417;3090;-3823.20;0.00;-955.80
46084;556619-4444;20180417;3092;-564.00;367.57;-141.00
46084;556619-4444;20180417;3100;-128.00;0.00;-32.00
46084;556619-4444;20180417;3110;-672.00;0.00;-168.00
46084;556619-4444;20180417;3118;-160.00;0.00;-40.00
46084;556619-4444;20180417;1912;20268.00;;
46084;556619-4444;20180417;2444;2044.60;;
46084;556619-4444;20180417;2445;118700.31;;
46084;556619-4444;20180417;3740;0.84;;
46084;556619-4444;20180417;9400;4608.22;;
46084;556619-4444;20180417;9401;4845.91;;
46084;556619-4444;20180417;9403;2839.85;;
46097;556725-1219;20180416;1693;-660.00;0.00;0.00
46097;556725-1219;20180416;2424;-130.20;0.00;-7.80
46097;556725-1219;20180416;3010;-54615.76;0.00;-13653.88
46097;556725-1219;20180416;3021;-3330.43;1223.41;-399.57
46097;556725-1219;20180416;3022;-1846.18;866.59;-221.82
46097;556725-1219;20180416;3023;-518.71;334.49;-62.29
46097;556725-1219;20180416;3024;-201.80;154.69;-24.20
46097;556725-1219;20180416;3027;-44.46;28.72;-5.34
46097;556725-1219;20180416;3028;-36.60;24.00;-4.40
46097;556725-1219;20180416;3041;-302.40;193.86;-75.60
46097;556725-1219;20180416;3047;-255.20;120.90;-63.80
46097;556725-1219;20180416;3048;-289.60;124.63;-72.40
46097;556725-1219;20180416;3049;-141.20;81.18;-35.30
46097;556725-1219;20180416;3050;-209.60;81.86;-52.40
46097;556725-1219;20180416;3051;-239.20;166.63;-59.80
46097;556725-1219;20180416;3055;-2132.00;1462.21;-533.00
46097;556725-1219;20180416;3056;-5592.00;5152.16;-1398.00
46097;556725-1219;20180416;3058;-1867.00;974.65;-224.00
46097;556725-1219;20180416;3060;-129.24;126.34;-7.76
46097;556725-1219;20180416;3071;-267.00;231.38;0.00
46097;556725-1219;20180416;3092;-68.00;46.58;-17.00
46097;556725-1219;20180416;3110;-744.00;0.00;-186.00
46097;556725-1219;20180416;3118;-40.00;0.00;-10.00
46097;556725-1219;20180416;1693;300.00;;
46097;556725-1219;20180416;1912;8280.00;;
46097;556725-1219;20180416;2444;1114.00;;
46097;556725-1219;20180416;2445;81105.68;;
46097;556725-1219;20180416;2446;60.00;;
46097;556725-1219;20180416;3740;0.26;;
46097;556725-1219;20180416;9400;2794.15;;
46097;556725-1219;20180416;9401;4077.58;;
46097;556725-1219;20180416;9403;2170.87;;
46114;556734-1507;20180406;1679;-158.40;0.00;-39.60
46114;556734-1507;20180406;1682;-200.00;0.00;0.00
46114;556734-1507;20180406;1693;-1860.00;0.00;0.00
46114;556734-1507;20180406;2424;-486.73;0.00;-29.27
46114;556734-1507;20180406;3010;-95870.46;0.00;-23967.62
46114;556734-1507;20180406;3021;-6602.77;2167.93;-792.23
46114;556734-1507;20180406;3022;-4111.92;1896.05;-494.08
46114;556734-1507;20180406;3023;-839.23;602.62;-100.67
46114;556734-1507;20180406;3024;-177.69;97.45;-21.31
46114;556734-1507;20180406;3025;-30.54;32.28;-3.66
46114;556734-1507;20180406;3026;-265.15;154.44;-31.85
46114;556734-1507;20180406;3027;-191.47;110.39;-23.03
46114;556734-1507;20180406;3028;-51.78;30.00;-6.22
46114;556734-1507;20180406;3040;-600.00;204.82;-150.00
46114;556734-1507;20180406;3041;-614.40;401.86;-153.60
46114;556734-1507;20180406;3047;-712.00;355.47;-178.00
46114;556734-1507;20180406;3048;-1729.60;852.74;-432.40
46114;556734-1507;20180406;3049;-80.00;50.05;-20.00
46114;556734-1507;20180406;3050;-272.00;141.91;-68.00
46114;556734-1507;20180406;3051;-359.20;241.86;-89.80
46114;556734-1507;20180406;3055;-3461.60;2418.91;-865.40
46114;556734-1507;20180406;3056;-5700.00;5093.05;-1425.00
46114;556734-1507;20180406;3057;-75.00;47.20;-9.00
46114;556734-1507;20180406;3058;-3741.02;1914.63;-449.03
46114;556734-1507;20180406;3060;-86.79;86.79;-5.21
46114;556734-1507;20180406;3071;-130.00;122.20;0.00
46114;556734-1507;20180406;3090;-9418.00;0.00;-2354.50
46114;556734-1507;20180406;3092;-237.60;159.78;-59.40
46114;556734-1507;20180406;3100;-2036.63;0.00;-509.13
46114;556734-1507;20180406;3110;-1100.00;0.00;-275.00
46114;556734-1507;20180406;1691;-590.00;;
46114;556734-1507;20180406;1693;1050.00;;
46114;556734-1507;20180406;1912;15716.00;;
46114;556734-1507;20180406;2444;5593.70;;
46114;556734-1507;20180406;2445;151170.38;;
46114;556734-1507;20180406;2446;530.00;;
46114;556734-1507;20180406;3740;1.60;;
46114;556734-1507;20180406;6385;-13.69;;
46114;556734-1507;20180406;9400;5090.87;;
46114;556734-1507;20180406;9401;4983.44;;
46114;556734-1507;20180406;9403;469.12;;
46173;556785-3550;20180416;1682;-200.00;0.00;0.00
46173;556785-3550;20180416;2424;-234.91;0.00;-14.09
46173;556785-3550;20180416;3010;-46231.46;0.00;-11557.89
46173;556785-3550;20180416;3021;-6193.89;2005.26;-743.11
46173;556785-3550;20180416;3022;-3025.61;1240.28;-363.39
46173;556785-3550;20180416;3023;-322.76;190.65;-38.74
46173;556785-3550;20180416;3024;-30.36;15.59;-3.64
46173;556785-3550;20180416;3025;-28.57;15.22;-3.43
46173;556785-3550;20180416;3027;-126.77;64.02;-15.23
46173;556785-3550;20180416;3028;-7.14;3.00;-0.86
46173;556785-3550;20180416;3047;-16.80;9.00;-4.20
46173;556785-3550;20180416;3049;-61.60;35.71;-15.40
46173;556785-3550;20180416;3050;-428.80;299.05;-107.20
46173;556785-3550;20180416;3052;-63.20;46.22;-15.80
46173;556785-3550;20180416;3055;-616.00;401.66;-154.00
46173;556785-3550;20180416;3056;-635.20;566.92;-158.80
46173;556785-3550;20180416;3058;-2876.23;1352.67;-345.25
46173;556785-3550;20180416;3060;-280.96;280.96;-16.84
46173;556785-3550;20180416;3062;-46.23;25.67;-2.77
46173;556785-3550;20180416;3092;-35.20;19.99;-8.80
46173;556785-3550;20180416;1912;4266.00;;
46173;556785-3550;20180416;2444;168.00;;
46173;556785-3550;20180416;2445;70608.67;;
46173;556785-3550;20180416;2446;25.00;;
46173;556785-3550;20180416;3740;-0.54;;
46173;556785-3550;20180416;9400;2220.10;;
46173;556785-3550;20180416;9401;3860.84;;
46173;556785-3550;20180416;9403;6416.88;;
46512;556714-6922;20180411;1679;-882.40;0.00;-220.60
46512;556714-6922;20180411;1682;-195.00;0.00;0.00
46512;556714-6922;20180411;1696;-806.00;0.00;0.00
46512;556714-6922;20180411;2424;-407.50;0.00;-24.50
46512;556714-6922;20180411;3010;-92096.76;0.00;-23024.17
46512;556714-6922;20180411;3021;-9752.93;4482.11;-1170.09
46512;556714-6922;20180411;3022;-3976.00;1857.35;-477.80
46512;556714-6922;20180411;3023;-1236.48;840.84;-148.37
46512;556714-6922;20180411;3024;-31.25;15.26;-3.75
46512;556714-6922;20180411;3026;-35.71;20.62;-4.29
46512;556714-6922;20180411;3027;-104.65;55.14;-12.55
46512;556714-6922;20180411;3028;-91.06;54.00;-10.94
46512;556714-6922;20180411;3040;-32.00;11.72;-8.00
46512;556714-6922;20180411;3041;-156.00;104.00;-39.00
46512;556714-6922;20180411;3047;-769.60;376.40;-192.40
46512;556714-6922;20180411;3048;-460.80;215.65;-115.20
46512;556714-6922;20180411;3049;-95.20;52.60;-23.80
46512;556714-6922;20180411;3050;-1576.00;1042.12;-394.00
46512;556714-6922;20180411;3051;-718.40;486.53;-179.60
46512;556714-6922;20180411;3055;-4116.80;2746.32;-1029.20
46512;556714-6922;20180411;3056;-8077.60;7283.60;-2019.40
46512;556714-6922;20180411;3057;-75.00;47.20;-9.00
46512;556714-6922;20180411;3058;-3511.17;1635.97;-421.43
46512;556714-6922;20180411;3060;-261.30;261.30;-15.70
46512;556714-6922;20180411;3071;-2900.00;2468.26;0.00
46512;556714-6922;20180411;3090;-8460.16;0.00;-2115.04
46512;556714-6922;20180411;3092;-494.40;336.92;-123.60
46512;556714-6922;20180411;3100;-580.80;0.00;-145.20
46512;556714-6922;20180411;3110;-127.20;0.00;-31.80
46512;556714-6922;20180411;3118;-48.00;0.00;-12.00
46512;556714-6922;20180411;1696;-850.00;;
46512;556714-6922;20180411;1912;19443.00;;
46512;556714-6922;20180411;1918;154.28;;
46512;556714-6922;20180411;2444;7829.45;;
46512;556714-6922;20180411;2445;144338.32;;
46512;556714-6922;20180411;2446;1442.99;;
46512;556714-6922;20180411;3740;3.35;;
46512;556714-6922;20180411;6385;1595.21;;
46512;556714-6922;20180411;9400;5041.74;;
46512;556714-6922;20180411;9401;4822.81;;
46512;556714-6922;20180411;9403;336.64;;
46513;556719-0334;20180416;1679;-156.00;0.00;-39.00
46513;556719-0334;20180416;1682;-50.00;0.00;0.00
46513;556719-0334;20180416;2424;-86.80;0.00;-5.20
46513;556719-0334;20180416;3010;-44903.67;0.00;-11225.85
46513;556719-0334;20180416;3021;-4855.52;2205.69;-582.58
46513;556719-0334;20180416;3022;-2270.55;1015.12;-272.76
46513;556719-0334;20180416;3023;-221.44;145.13;-26.56
46513;556719-0334;20180416;3027;-26.79;12.89;-3.21
46513;556719-0334;20180416;3028;-24.10;15.00;-2.90
46513;556719-0334;20180416;3040;-602.40;248.20;-150.60
46513;556719-0334;20180416;3047;-416.80;197.75;-104.20
46513;556719-0334;20180416;3048;-323.20;150.49;-80.80
46513;556719-0334;20180416;3049;-1.60;0.57;-0.40
46513;556719-0334;20180416;3050;-408.00;189.14;-102.00
46513;556719-0334;20180416;3055;-1752.80;1185.93;-438.20
46513;556719-0334;20180416;3056;-3034.40;2740.73;-758.60
46513;556719-0334;20180416;3057;-37.50;23.60;-4.50
46513;556719-0334;20180416;3058;-825.88;371.76;-99.12
46513;556719-0334;20180416;3071;-152.00;137.70;0.00
46513;556719-0334;20180416;3090;-6772.80;0.00;-1693.20
46513;556719-0334;20180416;3092;-84.00;54.77;-21.00
46513;556719-0334;20180416;3100;-1098.00;0.00;-274.50
46513;556719-0334;20180416;3110;-80.00;0.00;-20.00
46513;556719-0334;20180416;1912;10781.00;;
46513;556719-0334;20180416;2444;1692.00;;
46513;556719-0334;20180416;2445;71461.82;;
46513;556719-0334;20180416;2446;172.00;;
46513;556719-0334;20180416;3740;0.11;;
46513;556719-0334;20180416;9400;3022.37;;
46513;556719-0334;20180416;9401;4812.92;;
46513;556719-0334;20180416;9403;5168.16;;
49047;559025-5849;20180408;1679;-807.20;0.00;-201.80
49047;559025-5849;20180408;1682;-580.00;0.00;0.00
49047;559025-5849;20180408;2424;-166.00;0.00;-10.00
49047;559025-5849;20180408;3010;-63041.31;0.00;-15760.29
49047;559025-5849;20180408;3021;-1429.49;345.22;-171.51
49047;559025-5849;20180408;3022;-1745.41;825.46;-209.59
49047;559025-5849;20180408;3023;-162.93;112.33;-19.57
49047;559025-5849;20180408;3024;-30.36;15.59;-3.64
49047;559025-5849;20180408;3040;-46.40;29.80;-11.60
49047;559025-5849;20180408;3047;-915.20;398.85;-228.80
49047;559025-5849;20180408;3048;-372.00;177.37;-93.00
49047;559025-5849;20180408;3049;-5.60;2.23;-1.40
49047;559025-5849;20180408;3050;-736.00;417.84;-184.00
49047;559025-5849;20180408;3055;-375.20;251.74;-93.80
49047;559025-5849;20180408;3056;-5820.80;5136.09;-1455.20
49047;559025-5849;20180408;3058;-485.71;261.86;-58.29
49047;559025-5849;20180408;3060;-8.49;8.49;-0.51
49047;559025-5849;20180408;3090;-2404.00;0.00;-601.00
49047;559025-5849;20180408;3092;-172.80;119.76;-43.20
49047;559025-5849;20180408;3100;-240.00;0.00;-60.00
49047;559025-5849;20180408;3110;-384.00;0.00;-96.00
49047;559025-5849;20180408;3118;-216.00;0.00;-54.00
49047;559025-5849;20180408;1912;43427.00;;
49047;559025-5849;20180408;2444;1136.00;;
49047;559025-5849;20180408;2445;53850.16;;
49047;559025-5849;20180408;2446;1186.00;;
49047;559025-5849;20180408;3740;0.92;;
49047;559025-5849;20180408;9400;3905.67;;
49047;559025-5849;20180408;9401;2550.71;;
49047;559025-5849;20180408;9403;140.24;;
49047;559025-5849;20180411;1679;-155.20;0.00;-38.80
49047;559025-5849;20180411;1682;-240.00;0.00;0.00
49047;559025-5849;20180411;2424;-141.49;0.00;-8.51
49047;559025-5849;20180411;3010;-69539.34;0.00;-17384.90
49047;559025-5849;20180411;3021;-2653.65;1060.33;-318.35
49047;559025-5849;20180411;3022;-1521.22;729.41;-182.78
49047;559025-5849;20180411;3023;-438.38;268.74;-52.62
49047;559025-5849;20180411;3024;-22.32;11.83;-2.68
49047;559025-5849;20180411;3025;-47.32;32.28;-5.68
49047;559025-5849;20180411;3026;-68.75;37.98;-8.25
49047;559025-5849;20180411;3027;-28.57;15.80;-3.43
49047;559025-5849;20180411;3028;-14.28;8.00;-1.72
49047;559025-5849;20180411;3040;-304.00;99.55;-76.00
49047;559025-5849;20180411;3047;-500.00;237.84;-125.00
49047;559025-5849;20180411;3048;-279.20;140.30;-69.80
49047;559025-5849;20180411;3049;-34.40;15.64;-8.60
49047;559025-5849;20180411;3050;-381.60;154.26;-95.40
49047;559025-5849;20180411;3055;-776.00;516.76;-194.00
49047;559025-5849;20180411;3056;-5300.00;4684.25;-1325.00
49047;559025-5849;20180411;3058;-843.72;401.61;-101.23
49047;559025-5849;20180411;3060;-82.07;82.07;-4.93
49047;559025-5849;20180411;3090;-2045.20;0.00;-511.30
49047;559025-5849;20180411;3092;-190.40;125.13;-47.60
49047;559025-5849;20180411;3100;-256.00;0.00;-64.00
49047;559025-5849;20180411;3109;-160.00;0.00;-40.00
49047;559025-5849;20180411;3118;-856.00;0.00;-214.00
49047;559025-5849;20180411;1912;49213.00;;
49047;559025-5849;20180411;2444;1698.00;;
49047;559025-5849;20180411;2445;56735.62;;
49047;559025-5849;20180411;2446;416.00;;
49047;559025-5849;20180411;3740;-0.01;;
49047;559025-5849;20180411;9400;4140.53;;
49047;559025-5849;20180411;9401;4574.11;;
49047;559025-5849;20180411;9403;657.71;;
49047;559025-5849;20180413;1679;-315.20;0.00;-78.80
49047;559025-5849;20180413;1682;-100.00;0.00;0.00
49047;559025-5849;20180413;2424;-41.50;0.00;-2.50
49047;559025-5849;20180413;3010;-72305.23;0.00;-18076.29
49047;559025-5849;20180413;3021;-2959.03;841.51;-354.97
49047;559025-5849;20180413;3022;-2041.73;996.90;-245.27
49047;559025-5849;20180413;3023;-361.62;236.44;-43.38
49047;559025-5849;20180413;3024;-100.00;47.31;-12.00
49047;559025-5849;20180413;3027;-26.79;13.71;-3.21
49047;559025-5849;20180413;3028;-12.50;7.00;-1.50
49047;559025-5849;20180413;3040;-616.00;164.37;-154.00
49047;559025-5849;20180413;3047;-284.00;119.02;-71.00
49047;559025-5849;20180413;3048;-160.80;73.58;-40.20
49047;559025-5849;20180413;3049;-14.40;8.27;-3.60
49047;559025-5849;20180413;3050;-23.20;17.90;-5.80
49047;559025-5849;20180413;3055;-936.00;616.50;-234.00
49047;559025-5849;20180413;3056;-5662.40;5068.84;-1415.60
49047;559025-5849;20180413;3058;-790.53;357.64;-94.86
49047;559025-5849;20180413;3060;-33.02;33.02;-1.98
49047;559025-5849;20180413;3071;-15.00;13.70;0.00
49047;559025-5849;20180413;3090;-1630.00;0.00;-407.50
49047;559025-5849;20180413;3092;-111.20;70.07;-27.80
49047;559025-5849;20180413;3100;-112.00;0.00;-28.00
49047;559025-5849;20180413;3110;-1816.00;0.00;-454.00
49047;559025-5849;20180413;3118;-240.00;0.00;-60.00
49047;559025-5849;20180413;1912;54481.00;;
49047;559025-5849;20180413;2444;1518.00;;
49047;559025-5849;20180413;2445;56567.94;;
49047;559025-5849;20180413;2446;156.00;;
49047;559025-5849;20180413;3740;1.63;;
49047;559025-5849;20180413;9400;4198.33;;
49047;559025-5849;20180413;9401;4017.60;;
49047;559025-5849;20180413;9403;176.17;;
49047;559025-5849;20180414;1679;-491.20;0.00;-122.80
49047;559025-5849;20180414;1682;-600.00;0.00;0.00
49047;559025-5849;20180414;2424;-161.30;0.00;-9.70
49047;559025-5849;20180414;2446;-450.00;0.00;0.00
49047;559025-5849;20180414;3010;-55682.13;0.00;-13920.51
49047;559025-5849;20180414;3021;-2180.40;578.43;-261.60
49047;559025-5849;20180414;3022;-1480.14;669.05;-177.86
49047;559025-5849;20180414;3023;-245.52;165.48;-29.48
49047;559025-5849;20180414;3024;-34.82;15.26;-4.18
49047;559025-5849;20180414;3025;-23.66;16.14;-2.84
49047;559025-5849;20180414;3027;-141.96;72.81;-17.04
49047;559025-5849;20180414;3040;-280.00;84.00;-70.00
49047;559025-5849;20180414;3047;-216.80;87.45;-54.20
49047;559025-5849;20180414;3048;-678.40;314.01;-169.60
49047;559025-5849;20180414;3049;-25.60;15.40;-6.40
49047;559025-5849;20180414;3055;-586.40;386.44;-146.60
49047;559025-5849;20180414;3056;-4467.20;3960.55;-1116.80
49047;559025-5849;20180414;3058;-804.11;381.60;-96.51
49047;559025-5849;20180414;3090;-1543.20;0.00;-385.80
49047;559025-5849;20180414;3092;-320.80;213.70;-80.20
49047;559025-5849;20180414;3100;-192.00;0.00;-48.00
49047;559025-5849;20180414;3110;-360.00;0.00;-90.00
49047;559025-5849;20180414;3118;-80.00;0.00;-20.00
49047;559025-5849;20180414;1912;41221.50;;
49047;559025-5849;20180414;2444;797.00;;
49047;559025-5849;20180414;2445;45479.19;;
49047;559025-5849;20180414;2446;656.00;;
49047;559025-5849;20180414;3740;0.80;;
49047;559025-5849;20180414;9400;3434.28;;
49047;559025-5849;20180414;9401;1994.01;;
49047;559025-5849;20180414;9403;112.37;;
49047;559025-5849;20180415;1679;-419.20;0.00;-104.80
49047;559025-5849;20180415;1682;-235.00;0.00;0.00
49047;559025-5849;20180415;2424;-137.72;0.00;-8.28
49047;559025-5849;20180415;2446;-250.00;0.00;0.00
49047;559025-5849;20180415;3010;-53737.19;0.00;-13434.32
49047;559025-5849;20180415;3021;-1442.06;606.76;-172.94
49047;559025-5849;20180415;3022;-1432.90;721.77;-172.10
49047;559025-5849;20180415;3023;-81.25;55.53;-9.75
49047;559025-5849;20180415;3027;-57.14;31.60;-6.86
49047;559025-5849;20180415;3040;-360.00;92.50;-90.00
49047;559025-5849;20180415;3047;-659.20;284.10;-164.80
49047;559025-5849;20180415;3048;-440.00;192.85;-110.00
49047;559025-5849;20180415;3049;-17.60;9.41;-4.40
49047;559025-5849;20180415;3050;-36.00;18.14;-9.00
49047;559025-5849;20180415;3055;-494.40;329.61;-123.60
49047;559025-5849;20180415;3056;-3884.00;3420.22;-971.00
49047;559025-5849;20180415;3058;-523.21;224.76;-62.79
49047;559025-5849;20180415;3071;-10.00;9.00;0.00
49047;559025-5849;20180415;3090;-876.00;0.00;-219.00
49047;559025-5849;20180415;3092;-432.00;291.03;-108.00
49047;559025-5849;20180415;3100;-32.00;0.00;-8.00
49047;559025-5849;20180415;3109;-876.00;0.00;-219.00
49047;559025-5849;20180415;3110;-1612.00;0.00;-403.00
49047;559025-5849;20180415;3118;-340.00;0.00;-85.00
49047;559025-5849;20180415;1912;40057.00;;
49047;559025-5849;20180415;2444;45.00;;
49047;559025-5849;20180415;2445;44712.62;;
49047;559025-5849;20180415;2446;258.00;;
49047;559025-5849;20180415;3740;1.06;;
49047;559025-5849;20180415;9400;3399.30;;
49047;559025-5849;20180415;9401;2023.77;;
49047;559025-5849;20180415;9403;28.44;;
49047;559025-5849;20180418;1679;-272.00;0.00;-68.00
49047;559025-5849;20180418;1682;-550.00;0.00;0.00
49047;559025-5849;20180418;2424;-43.40;0.00;-2.60
49047;559025-5849;20180418;2446;-250.00;0.00;0.00
49047;559025-5849;20180418;3010;-65517.77;0.00;-16379.47
49047;559025-5849;20180418;3021;-2994.72;831.99;-359.28
49047;559025-5849;20180418;3022;-1762.27;806.93;-211.73
49047;559025-5849;20180418;3023;-325.01;221.95;-38.99
49047;559025-5849;20180418;3026;-112.50;65.51;-13.50
49047;559025-5849;20180418;3027;-28.57;15.80;-3.43
49047;559025-5849;20180418;3028;-49.10;31.00;-5.90
49047;559025-5849;20180418;3040;-688.00;200.12;-172.00
49047;559025-5849;20180418;3041;-463.20;304.93;-115.80
49047;559025-5849;20180418;3047;-425.60;212.16;-106.40
49047;559025-5849;20180418;3048;-236.00;122.38;-59.00
49047;559025-5849;20180418;3049;-12.00;8.04;-3.00
49047;559025-5849;20180418;3050;-102.40;47.87;-25.60
49047;559025-5849;20180418;3055;-573.60;372.57;-143.40
49047;559025-5849;20180418;3056;-6714.40;5989.91;-1678.60
49047;559025-5849;20180418;3057;-75.00;47.20;-9.00
49047;559025-5849;20180418;3058;-960.72;531.09;-115.28
49047;559025-5849;20180418;3060;-28.21;28.21;-1.69
49047;559025-5849;20180418;3090;-1447.20;0.00;-361.80
49047;559025-5849;20180418;3092;-291.20;189.86;-72.80
49047;559025-5849;20180418;3100;-80.00;0.00;-20.00
49047;559025-5849;20180418;3110;-304.00;0.00;-76.00
49047;559025-5849;20180418;3118;-80.00;0.00;-20.00
49047;559025-5849;20180418;1699;40.00;;
49047;559025-5849;20180418;1912;49070.35;;
49047;559025-5849;20180418;2444;2274.00;;
49047;559025-5849;20180418;2445;53011.41;;
49047;559025-5849;20180418;2446;51.00;;
49047;559025-5849;20180418;3740;0.67;;
49047;559025-5849;20180418;9400;4248.41;;
49047;559025-5849;20180418;9401;4022.35;;
49047;559025-5849;20180418;9403;72.66;;
49047;559025-5849;20180419;1679;-503.20;0.00;-125.80
49047;559025-5849;20180419;1682;-340.00;0.00;0.00
49047;559025-5849;20180419;2424;-23.58;0.00;-1.42
49047;559025-5849;20180419;3010;-66649.41;0.00;-16662.42
49047;559025-5849;20180419;3021;-3055.39;1886.30;-366.61
49047;559025-5849;20180419;3022;-2239.83;1024.44;-269.17
49047;559025-5849;20180419;3023;-194.62;128.24;-23.38
49047;559025-5849;20180419;3024;-36.61;36.61;-4.39
49047;559025-5849;20180419;3025;-55.80;33.98;-6.70
49047;559025-5849;20180419;3026;-32.14;14.48;-3.86
49047;559025-5849;20180419;3028;-7.14;3.00;-0.86
49047;559025-5849;20180419;3040;-483.20;165.70;-120.80
49047;559025-5849;20180419;3047;-474.40;215.77;-118.60
49047;559025-5849;20180419;3048;-580.00;246.04;-145.00
49047;559025-5849;20180419;3049;-45.60;37.41;-11.40
49047;559025-5849;20180419;3050;-233.60;145.90;-58.40
49047;559025-5849;20180419;3055;-648.00;422.44;-162.00
49047;559025-5849;20180419;3056;-6272.80;5685.64;-1568.20
49047;559025-5849;20180419;3058;-1027.79;555.46;-123.33
49047;559025-5849;20180419;3060;-23.58;23.58;-1.42
49047;559025-5849;20180419;3071;-25.00;22.70;0.00
49047;559025-5849;20180419;3090;-2497.60;0.00;-624.40
49047;559025-5849;20180419;3092;-170.40;115.73;-42.60
49047;559025-5849;20180419;3100;-128.00;0.00;-32.00
49047;559025-5849;20180419;3110;-568.00;0.00;-142.00
49047;559025-5849;20180419;3118;-80.00;0.00;-20.00
49047;559025-5849;20180419;1912;49503.50;;
49047;559025-5849;20180419;2444;2119.00;;
49047;559025-5849;20180419;2445;55144.89;;
49047;559025-5849;20180419;2446;762.00;;
49047;559025-5849;20180419;3740;2.80;;
49047;559025-5849;20180419;9400;4094.94;;
49047;559025-5849;20180419;9401;3036.96;;
49047;559025-5849;20180419;9403;499.35;;
49054;556889-6475;20180407;1679;-116.00;0.00;-29.00
49054;556889-6475;20180407;1682;-163.00;0.00;0.00
49054;556889-6475;20180407;2424;-407.50;0.00;-24.50
49054;556889-6475;20180407;3010;-77952.80;0.00;-19488.24
49054;556889-6475;20180407;3021;-1644.63;462.39;-197.37
49054;556889-6475;20180407;3022;-1125.77;539.85;-135.23
49054;556889-6475;20180407;3023;-63.39;34.54;-7.61
49054;556889-6475;20180407;3040;-312.00;90.40;-78.00
49054;556889-6475;20180407;3041;-312.00;208.00;-78.00
49054;556889-6475;20180407;3047;-984.80;501.62;-246.20
49054;556889-6475;20180407;3048;-198.40;105.97;-49.60
49054;556889-6475;20180407;3050;-488.80;263.84;-122.20
49054;556889-6475;20180407;3051;-239.20;166.63;-59.80
49054;556889-6475;20180407;3055;-1444.00;994.11;-361.00
49054;556889-6475;20180407;3056;-4202.40;3727.29;-1050.60
49054;556889-6475;20180407;3058;-970.53;473.30;-116.47
49054;556889-6475;20180407;3060;-30.19;30.19;-1.81
49054;556889-6475;20180407;3090;-5884.80;0.00;-1471.20
49054;556889-6475;20180407;3092;-82.40;56.57;-20.60
49054;556889-6475;20180407;3100;-741.60;0.00;-185.40
49054;556889-6475;20180407;3110;-841.60;0.00;-210.40
49054;556889-6475;20180407;3118;-600.00;0.00;-150.00
49054;556889-6475;20180407;1912;18290.00;;
49054;556889-6475;20180407;2444;725.50;;
49054;556889-6475;20180407;2445;103793.41;;
49054;556889-6475;20180407;2446;75.00;;
49054;556889-6475;20180407;3740;1.11;;
49054;556889-6475;20180407;9400;4375.16;;
49054;556889-6475;20180407;9401;3405.73;;
49054;556889-6475;20180407;9403;174.53;;
49054;556889-6475;20180408;1679;-44.00;0.00;-11.00
49054;556889-6475;20180408;2424;-469.78;0.00;-28.22
49054;556889-6475;20180408;3010;-68982.76;0.00;-17245.57
49054;556889-6475;20180408;3021;-1743.77;771.92;-209.23
49054;556889-6475;20180408;3022;-1441.79;628.82;-173.21
49054;556889-6475;20180408;3023;-116.97;75.30;-14.03
49054;556889-6475;20180408;3027;-10.71;3.95;-1.29
49054;556889-6475;20180408;3028;-12.50;6.00;-1.50
49054;556889-6475;20180408;3040;-412.00;142.82;-103.00
49054;556889-6475;20180408;3047;-449.60;217.60;-112.40
49054;556889-6475;20180408;3048;-554.40;274.13;-138.60
49054;556889-6475;20180408;3049;-3.20;0.57;-0.80
49054;556889-6475;20180408;3050;-612.00;328.34;-153.00
49054;556889-6475;20180408;3055;-1564.80;1048.64;-391.20
49054;556889-6475;20180408;3056;-4901.60;4401.60;-1225.40
49054;556889-6475;20180408;3058;-1379.60;770.22;-165.50
49054;556889-6475;20180408;3060;-65.09;65.09;-3.91
49054;556889-6475;20180408;3090;-6440.80;0.00;-1610.20
49054;556889-6475;20180408;3092;-36.00;24.54;-9.00
49054;556889-6475;20180408;3100;-1285.60;0.00;-321.40
49054;556889-6475;20180408;3110;-704.00;0.00;-176.00
49054;556889-6475;20180408;3118;-360.00;0.00;-90.00
49054;556889-6475;20180408;1912;11421.50;;
49054;556889-6475;20180408;2444;1768.00;;
49054;556889-6475;20180408;2445;100383.56;;
49054;556889-6475;20180408;2446;314.00;;
49054;556889-6475;20180408;3740;0.45;;
49054;556889-6475;20180408;9400;3728.46;;
49054;556889-6475;20180408;9401;3012.33;;
49054;556889-6475;20180408;9403;83.98;;
49054;556889-6475;20180411;1679;-320.00;0.00;-80.00
49054;556889-6475;20180411;1682;-200.00;0.00;0.00
49054;556889-6475;20180411;2424;-393.36;0.00;-23.64
49054;556889-6475;20180411;3010;-71597.53;0.00;-17899.25
49054;556889-6475;20180411;3021;-3052.74;1627.08;-366.26
49054;556889-6475;20180411;3022;-1537.35;746.23;-184.65
49054;556889-6475;20180411;3023;-35.71;19.68;-4.29
49054;556889-6475;20180411;3026;-30.36;18.00;-3.64
49054;556889-6475;20180411;3028;-19.64;11.00;-2.36
49054;556889-6475;20180411;3040;-16.00;-4.59;-4.00
49054;556889-6475;20180411;3047;-159.20;87.60;-39.80
49054;556889-6475;20180411;3048;-584.80;281.35;-146.20
49054;556889-6475;20180411;3049;-3.20;0.57;-0.80
49054;556889-6475;20180411;3050;-183.20;64.60;-45.80
49054;556889-6475;20180411;3055;-1844.80;1258.15;-461.20
49054;556889-6475;20180411;3056;-5344.00;4751.37;-1336.00
49054;556889-6475;20180411;3057;-75.00;47.20;-9.00
49054;556889-6475;20180411;3058;-1169.63;598.86;-140.37
49054;556889-6475;20180411;3060;-34.91;34.91;-2.09
49054;556889-6475;20180411;3090;-8108.80;0.00;-2027.20
49054;556889-6475;20180411;3092;-160.40;98.97;-40.10
49054;556889-6475;20180411;3100;-568.80;0.00;-142.20
49054;556889-6475;20180411;3110;-164.00;0.00;-41.00
49054;556889-6475;20180411;3118;-180.00;0.00;-45.00
49054;556889-6475;20180411;1912;16018.50;;
49054;556889-6475;20180411;2444;1906.00;;
49054;556889-6475;20180411;2445;100043.85;;
49054;556889-6475;20180411;2446;75.00;;
49054;556889-6475;20180411;3740;1.42;;
49054;556889-6475;20180411;9400;4153.87;;
49054;556889-6475;20180411;9401;4626.80;;
49054;556889-6475;20180411;9403;49.50;;
49054;556889-6475;20180412;1682;-200.00;0.00;0.00
49054;556889-6475;20180412;2424;-339.60;0.00;-20.40
49054;556889-6475;20180412;3010;-67482.72;0.00;-16870.68
49054;556889-6475;20180412;3021;-2354.52;1206.24;-282.48
49054;556889-6475;20180412;3022;-1623.95;743.02;-195.05
49054;556889-6475;20180412;3023;-109.82;72.14;-13.18
49054;556889-6475;20180412;3024;-102.68;62.23;-12.32
49054;556889-6475;20180412;3026;-32.14;14.48;-3.86
49054;556889-6475;20180412;3027;-22.32;12.56;-2.68
49054;556889-6475;20180412;3040;-312.00;122.87;-78.00
49054;556889-6475;20180412;3047;-185.60;84.04;-46.40
49054;556889-6475;20180412;3048;-648.80;373.15;-162.20
49054;556889-6475;20180412;3049;-66.40;36.61;-16.60
49054;556889-6475;20180412;3050;-234.40;98.50;-58.60
49054;556889-6475;20180412;3055;-2306.40;1600.44;-576.60
49054;556889-6475;20180412;3056;-6185.60;5515.33;-1546.40
49054;556889-6475;20180412;3058;-1133.08;577.83;-135.92
49054;556889-6475;20180412;3060;-151.88;151.88;-9.12
49054;556889-6475;20180412;3090;-7711.20;0.00;-1927.80
49054;556889-6475;20180412;3092;-132.00;84.77;-33.00
49054;556889-6475;20180412;3100;-230.40;0.00;-57.60
49054;556889-6475;20180412;3110;-504.00;0.00;-126.00
49054;556889-6475;20180412;3118;-240.00;0.00;-60.00
49054;556889-6475;20180412;1912;16584.00;;
49054;556889-6475;20180412;2444;2644.00;;
49054;556889-6475;20180412;2445;95241.98;;
49054;556889-6475;20180412;2446;70.00;;
49054;556889-6475;20180412;3740;0.90;;
49054;556889-6475;20180412;9400;4329.75;;
49054;556889-6475;20180412;9401;4173.63;;
49054;556889-6475;20180412;9403;444.07;;
49054;556889-6475;20180413;1679;-203.20;0.00;-50.80
49054;556889-6475;20180413;1682;-195.00;0.00;0.00
49054;556889-6475;20180413;2424;-373.56;0.00;-22.44
49054;556889-6475;20180413;2446;-500.00;0.00;0.00
49054;556889-6475;20180413;3010;-100928.74;0.00;-25232.06
49054;556889-6475;20180413;3021;-2984.89;1219.31;-358.11
49054;556889-6475;20180413;3022;-2308.61;1079.31;-277.39
49054;556889-6475;20180413;3023;-158.94;113.18;-19.06
49054;556889-6475;20180413;3026;-30.36;18.00;-3.64
49054;556889-6475;20180413;3028;-14.28;7.00;-1.72
49054;556889-6475;20180413;3040;-192.00;61.90;-48.00
49054;556889-6475;20180413;3041;-156.00;104.00;-39.00
49054;556889-6475;20180413;3047;-197.60;90.25;-49.40
49054;556889-6475;20180413;3048;-681.60;301.46;-170.40
49054;556889-6475;20180413;3049;-38.40;19.52;-9.60
49054;556889-6475;20180413;3050;-99.20;45.69;-24.80
49054;556889-6475;20180413;3051;-1077.60;725.58;-269.40
49054;556889-6475;20180413;3055;-2054.40;1427.28;-513.60
49054;556889-6475;20180413;3056;-6121.60;5445.79;-1530.40
49054;556889-6475;20180413;3057;-37.50;23.60;-4.50
49054;556889-6475;20180413;3058;-1411.67;663.39;-169.33
49054;556889-6475;20180413;3060;-24.43;24.43;-1.47
49054;556889-6475;20180413;3090;-8124.80;0.00;-2031.20
49054;556889-6475;20180413;3092;-150.40;102.57;-37.60
49054;556889-6475;20180413;3100;-692.80;0.00;-173.20
49054;556889-6475;20180413;3110;-952.00;0.00;-238.00
49054;556889-6475;20180413;3118;-540.00;0.00;-135.00
49054;556889-6475;20180413;1697;-2005.00;;
49054;556889-6475;20180413;1912;20486.50;;
49054;556889-6475;20180413;2444;1659.50;;
49054;556889-6475;20180413;2445;141284.69;;
49054;556889-6475;20180413;2446;229.00;;
49054;556889-6475;20180413;3740;2.75;;
49054;556889-6475;20180413;9400;5454.21;;
49054;556889-6475;20180413;9401;5759.86;;
49054;556889-6475;20180413;9403;178.50;;
49054;556889-6475;20180414;2424;-458.44;0.00;-27.56
49054;556889-6475;20180414;3010;-72590.07;0.00;-18147.44
49054;556889-6475;20180414;3021;-2522.43;1494.42;-302.57
49054;556889-6475;20180414;3022;-1411.41;628.76;-169.59
49054;556889-6475;20180414;3023;-94.65;72.50;-11.35
49054;556889-6475;20180414;3024;-71.43;44.11;-8.57
49054;556889-6475;20180414;3027;-49.11;40.05;-5.89
49054;556889-6475;20180414;3040;-296.00;103.71;-74.00
49054;556889-6475;20180414;3041;-151.20;96.93;-37.80
49054;556889-6475;20180414;3047;-570.40;279.65;-142.60
49054;556889-6475;20180414;3048;-461.60;191.44;-115.40
49054;556889-6475;20180414;3049;-9.60;1.71;-2.40
49054;556889-6475;20180414;3050;-71.20;29.49;-17.80
49054;556889-6475;20180414;3055;-1576.00;1087.87;-394.00
49054;556889-6475;20180414;3056;-4881.60;4305.01;-1220.40
49054;556889-6475;20180414;3058;-746.44;346.18;-89.56
49054;556889-6475;20180414;3060;-130.18;130.18;-7.82
49054;556889-6475;20180414;3090;-5625.60;0.00;-1406.40
49054;556889-6475;20180414;3100;-714.00;0.00;-178.50
49054;556889-6475;20180414;3110;-734.00;0.00;-183.50
49054;556889-6475;20180414;3118;-450.00;0.00;-112.50
49054;556889-6475;20180414;1912;15073.00;;
49054;556889-6475;20180414;2444;1214.00;;
49054;556889-6475;20180414;2445;99773.14;;
49054;556889-6475;20180414;2446;208.00;;
49054;556889-6475;20180414;3740;0.56;;
49054;556889-6475;20180414;9400;3659.77;;
49054;556889-6475;20180414;9401;3522.38;;
49054;556889-6475;20180414;9403;63.65;;
49054;556889-6475;20180416;1682;-50.00;0.00;0.00
49054;556889-6475;20180416;2424;-450.03;0.00;-26.97
49054;556889-6475;20180416;3010;-64360.02;0.00;-16089.97
49054;556889-6475;20180416;3021;-1925.93;766.30;-231.07
49054;556889-6475;20180416;3022;-1188.25;545.40;-142.75
49054;556889-6475;20180416;3023;-82.14;71.23;-9.86
49054;556889-6475;20180416;3028;-19.64;9.00;-2.36
49054;556889-6475;20180416;3040;-188.00;63.92;-47.00
49054;556889-6475;20180416;3047;-448.80;220.70;-112.20
49054;556889-6475;20180416;3049;-3.20;0.57;-0.80
49054;556889-6475;20180416;3055;-1443.20;955.70;-360.80
49054;556889-6475;20180416;3056;-4744.00;4217.09;-1186.00
49054;556889-6475;20180416;3057;-75.00;47.20;-9.00
49054;556889-6475;20180416;3058;-800.88;336.13;-96.12
49054;556889-6475;20180416;3060;-59.43;59.43;-3.57
49054;556889-6475;20180416;3090;-5559.20;0.00;-1389.80
49054;556889-6475;20180416;3092;-161.60;106.62;-40.40
49054;556889-6475;20180416;3100;-117.60;0.00;-29.40
49054;556889-6475;20180416;3110;-520.00;0.00;-130.00
49054;556889-6475;20180416;3118;-480.00;0.00;-120.00
49054;556889-6475;20180416;1912;14614.00;;
49054;556889-6475;20180416;2444;1355.50;;
49054;556889-6475;20180416;2445;86707.70;;
49054;556889-6475;20180416;2446;25.00;;
49054;556889-6475;20180416;3740;0.18;;
49054;556889-6475;20180416;9400;3967.55;;
49054;556889-6475;20180416;9401;4237.15;;
49054;556889-6475;20180416;9403;396.94;;
49054;556889-6475;20180417;1679;-116.00;0.00;-29.00
49054;556889-6475;20180417;1682;-800.00;0.00;0.00
49054;556889-6475;20180417;2424;-614.20;0.00;-36.80
49054;556889-6475;20180417;3010;-61730.19;0.00;-15432.57
49054;556889-6475;20180417;3021;-2363.46;878.51;-283.54
49054;556889-6475;20180417;3022;-1529.26;699.16;-183.74
49054;556889-6475;20180417;3023;-125.88;93.87;-15.12
49054;556889-6475;20180417;3040;-156.00;52.20;-39.00
49054;556889-6475;20180417;3041;-151.20;96.93;-37.80
49054;556889-6475;20180417;3047;-250.40;114.55;-62.60
49054;556889-6475;20180417;3048;-407.20;181.98;-101.80
49054;556889-6475;20180417;3049;-6.40;1.14;-1.60
49054;556889-6475;20180417;3055;-1998.40;1298.08;-499.60
49054;556889-6475;20180417;3056;-4881.60;4317.49;-1220.40
49054;556889-6475;20180417;3057;-112.50;70.80;-13.50
49054;556889-6475;20180417;3058;-668.75;279.46;-80.25
49054;556889-6475;20180417;3060;-112.27;112.27;-6.73
49054;556889-6475;20180417;3090;-4275.60;0.00;-1068.90
49054;556889-6475;20180417;3092;-91.20;62.27;-22.80
49054;556889-6475;20180417;3100;-376.80;0.00;-94.20
49054;556889-6475;20180417;3110;-264.00;0.00;-66.00
49054;556889-6475;20180417;3118;-240.00;0.00;-60.00
49054;556889-6475;20180417;1912;19589.00;;
49054;556889-6475;20180417;2444;818.00;;
49054;556889-6475;20180417;2445;80117.36;;
49054;556889-6475;20180417;2446;100.00;;
49054;556889-6475;20180417;3740;0.34;;
49054;556889-6475;20180417;9400;3662.01;;
49054;556889-6475;20180417;9401;4439.37;;
49054;556889-6475;20180417;9403;395.48;;
51063;556738-6684;20180409;1679;-759.20;0.00;-189.80
51063;556738-6684;20180409;1682;-500.00;0.00;0.00
51063;556738-6684;20180409;2424;-320.75;0.00;-19.25
51063;556738-6684;20180409;3010;-66262.43;0.00;-16565.62
51063;556738-6684;20180409;3021;-6343.21;3876.60;-760.86
51063;556738-6684;20180409;3022;-2383.88;1127.51;-286.32
51063;556738-6684;20180409;3023;-993.97;739.92;-119.33
51063;556738-6684;20180409;3024;-65.17;28.46;-7.83
51063;556738-6684;20180409;3025;-46.42;33.70;-5.58
51063;556738-6684;20180409;3026;-342.69;195.56;-41.11
51063;556738-6684;20180409;3027;-108.03;55.79;-12.97
51063;556738-6684;20180409;3028;-32.49;19.00;-3.91
51063;556738-6684;20180409;3040;-252.00;79.55;-63.00
51063;556738-6684;20180409;3041;-156.00;104.00;-39.00
51063;556738-6684;20180409;3047;-336.80;170.90;-84.20
51063;556738-6684;20180409;3048;-1445.60;676.59;-361.40
51063;556738-6684;20180409;3049;-60.00;51.78;-15.00
51063;556738-6684;20180409;3050;-463.20;245.12;-115.80
51063;556738-6684;20180409;3055;-2456.00;1603.58;-614.00
51063;556738-6684;20180409;3056;-5472.40;4874.61;-1368.10
51063;556738-6684;20180409;3058;-1985.29;1016.78;-238.31
51063;556738-6684;20180409;3060;-27.36;27.36;-1.64
51063;556738-6684;20180409;3090;-10984.56;0.00;-2746.14
51063;556738-6684;20180409;3092;-168.80;112.74;-42.20
51063;556738-6684;20180409;3100;-21480.00;0.00;-5370.00
51063;556738-6684;20180409;3110;-1024.00;0.00;-256.00
51063;556738-6684;20180409;3118;-120.00;0.00;-30.00
51063;556738-6684;20180409;1912;12289.00;;
51063;556738-6684;20180409;2444;4982.20;;
51063;556738-6684;20180409;2445;136545.80;;
51063;556738-6684;20180409;2446;262.00;;
51063;556738-6684;20180409;3740;-0.38;;
51063;556738-6684;20180409;9400;3546.79;;
51063;556738-6684;20180409;9401;4110.56;;
51063;556738-6684;20180409;9403;2790.33;;
56578;556890-0269;20180418;1682;-200.00;0.00;0.00
56578;556890-0269;20180418;2424;-133.96;0.00;-8.04
56578;556890-0269;20180418;3010;-80738.66;0.00;-20184.68
56578;556890-0269;20180418;3021;-5050.05;2053.66;-605.95
56578;556890-0269;20180418;3022;-3281.37;1565.34;-394.25
56578;556890-0269;20180418;3023;-381.50;252.01;-45.78
56578;556890-0269;20180418;3024;-35.71;16.95;-4.29
56578;556890-0269;20180418;3026;-13.39;7.28;-1.61
56578;556890-0269;20180418;3027;-246.06;132.92;-29.55
56578;556890-0269;20180418;3028;-7.14;3.00;-0.86
56578;556890-0269;20180418;3040;-812.00;264.04;-203.00
56578;556890-0269;20180418;3047;-192.80;92.30;-48.20
56578;556890-0269;20180418;3048;-546.40;273.52;-136.60
56578;556890-0269;20180418;3049;-3.20;1.14;-0.80
56578;556890-0269;20180418;3050;-452.00;264.08;-113.00
56578;556890-0269;20180418;3055;-2221.60;1509.58;-555.40
56578;556890-0269;20180418;3056;-3879.20;3530.28;-969.80
56578;556890-0269;20180418;3057;-37.50;23.60;-4.50
56578;556890-0269;20180418;3058;-2458.89;1239.83;-295.11
56578;556890-0269;20180418;3090;-3102.40;0.00;-775.60
56578;556890-0269;20180418;3092;-308.00;204.31;-77.00
56578;556890-0269;20180418;3110;-104.00;0.00;-26.00
56578;556890-0269;20180418;1912;11115.00;;
56578;556890-0269;20180418;2444;2622.00;;
56578;556890-0269;20180418;2445;115005.30;;
56578;556890-0269;20180418;3740;-0.45;;
56578;556890-0269;20180418;9400;3348.41;;
56578;556890-0269;20180418;9401;9213.06;;
56578;556890-0269;20180418;9403;16717.20;;
59820;556909-4633;20180415;1682;-100.00;0.00;0.00
59820;556909-4633;20180415;2424;-45.28;0.00;-2.72
59820;556909-4633;20180415;3010;-69465.08;0.00;-17366.24
59820;556909-4633;20180415;3021;-4667.51;3077.80;-560.08
59820;556909-4633;20180415;3022;-3004.14;1421.00;-360.86
59820;556909-4633;20180415;3023;-360.75;247.64;-43.25
59820;556909-4633;20180415;3024;-10.71;6.06;-1.29
59820;556909-4633;20180415;3026;-13.39;7.80;-1.61
59820;556909-4633;20180415;3027;-91.08;48.17;-10.92
59820;556909-4633;20180415;3028;-14.28;6.00;-1.72
59820;556909-4633;20180415;3040;-624.00;198.24;-156.00
59820;556909-4633;20180415;3041;-156.00;104.00;-39.00
59820;556909-4633;20180415;3047;-156.80;82.65;-39.20
59820;556909-4633;20180415;3048;-200.80;85.32;-50.20
59820;556909-4633;20180415;3049;-3.20;1.14;-0.80
59820;556909-4633;20180415;3050;-135.20;42.82;-33.80
59820;556909-4633;20180415;3055;-999.20;672.60;-249.80
59820;556909-4633;20180415;3056;-1816.80;1606.27;-454.20
59820;556909-4633;20180415;3057;-37.50;23.60;-4.50
59820;556909-4633;20180415;3058;-1539.04;754.64;-184.73
59820;556909-4633;20180415;3090;-5195.20;0.00;-1298.80
59820;556909-4633;20180415;3092;-35.20;21.16;-8.80
59820;556909-4633;20180415;3110;-184.00;0.00;-46.00
59820;556909-4633;20180415;1912;6776.00;;
59820;556909-4633;20180415;2444;2478.00;;
59820;556909-4633;20180415;2445;209321.66;;
59820;556909-4633;20180415;2446;964.00;;
59820;556909-4633;20180415;3740;0.06;;
59820;556909-4633;20180415;9400;4874.49;;
59820;556909-4633;20180415;9401;7458.57;;
59820;556909-4633;20180415;9403;2658.94;;
59825;556978-1858;20180409;1679;-232.00;0.00;-58.00
59825;556978-1858;20180409;1682;-847.00;0.00;0.00
59825;556978-1858;20180409;1693;-60.00;0.00;0.00
59825;556978-1858;20180409;1695;-100.00;0.00;0.00
59825;556978-1858;20180409;2424;-485.84;0.00;-29.16
59825;556978-1858;20180409;3010;-44065.74;0.00;-11016.43
59825;556978-1858;20180409;3021;-3086.38;1296.43;-370.21
59825;556978-1858;20180409;3022;-1593.55;732.37;-191.45
59825;556978-1858;20180409;3023;-668.71;474.53;-80.29
59825;556978-1858;20180409;3024;-110.72;67.83;-13.28
59825;556978-1858;20180409;3025;-42.95;35.18;-5.15
59825;556978-1858;20180409;3026;-296.42;185.68;-35.58
59825;556978-1858;20180409;3027;-132.15;71.70;-15.85
59825;556978-1858;20180409;3028;-39.28;24.00;-4.72
59825;556978-1858;20180409;3040;-312.00;99.12;-78.00
59825;556978-1858;20180409;3047;-352.00;187.65;-88.00
59825;556978-1858;20180409;3048;-430.40;197.96;-107.60
59825;556978-1858;20180409;3049;-153.20;98.23;-38.30
59825;556978-1858;20180409;3050;-269.60;113.31;-67.40
59825;556978-1858;20180409;3055;-2161.60;1478.48;-540.40
59825;556978-1858;20180409;3056;-4496.80;4077.13;-1124.20
59825;556978-1858;20180409;3057;-37.50;23.60;-4.50
59825;556978-1858;20180409;3058;-1199.92;553.68;-144.01
59825;556978-1858;20180409;3060;-229.81;229.81;-13.79
59825;556978-1858;20180409;3071;-10.00;9.40;0.00
59825;556978-1858;20180409;3090;-1795.20;0.00;-448.80
59825;556978-1858;20180409;3092;-512.80;343.86;-128.20
59825;556978-1858;20180409;3100;-64.00;0.00;-16.00
59825;556978-1858;20180409;3110;-1051.20;0.00;-262.80
59825;556978-1858;20180409;1693;90.00;;
59825;556978-1858;20180409;1912;7848.00;;
59825;556978-1858;20180409;2422;50.00;;
59825;556978-1858;20180409;2444;667.00;;
59825;556978-1858;20180409;2445;71095.00;;
59825;556978-1858;20180409;3740;-1.11;;
59825;556978-1858;20180409;9400;2754.39;;
59825;556978-1858;20180409;9401;1920.16;;
59825;556978-1858;20180409;9403;627.33;;
85084;556483-6582;20180415;1679;-79.20;0.00;-19.80
85084;556483-6582;20180415;1682;-109.00;0.00;0.00
85084;556483-6582;20180415;2424;-1199.88;0.00;-72.12
85084;556483-6582;20180415;3010;-21314.68;0.00;-5328.66
85084;556483-6582;20180415;3021;-2154.60;939.63;-258.40
85084;556483-6582;20180415;3022;-2623.12;1069.09;-315.02
85084;556483-6582;20180415;3023;-64.29;51.65;-7.71
85084;556483-6582;20180415;3024;-104.46;62.05;-12.54
85084;556483-6582;20180415;3025;-219.65;132.67;-26.35
85084;556483-6582;20180415;3026;-26.79;22.68;-3.21
85084;556483-6582;20180415;3027;-10.71;6.81;-1.29
85084;556483-6582;20180415;3047;-630.40;350.80;-157.60
85084;556483-6582;20180415;3048;-365.60;200.10;-91.40
85084;556483-6582;20180415;3049;-27.20;15.97;-6.80
85084;556483-6582;20180415;3050;-31.20;15.57;-7.80
85084;556483-6582;20180415;3055;-1482.20;995.24;-370.55
85084;556483-6582;20180415;3056;-3056.80;2780.65;-764.20
85084;556483-6582;20180415;3057;-150.00;94.40;-18.00
85084;556483-6582;20180415;3058;-1934.03;1076.82;-231.97
85084;556483-6582;20180415;3060;-42.36;42.36;-2.54
85084;556483-6582;20180415;3090;-5736.80;0.00;-1434.20
85084;556483-6582;20180415;3092;-118.40;81.11;-29.60
85084;556483-6582;20180415;1912;6454.00;;
85084;556483-6582;20180415;2444;3043.74;;
85084;556483-6582;20180415;2445;41153.71;;
85084;556483-6582;20180415;3740;-0.32;;
85084;556483-6582;20180415;9400;1409.23;;
85084;556483-6582;20180415;9401;1512.07;;
85084;556483-6582;20180415;9403;358.32;;
86019;556442-2011;20180413;1679;-295.20;0.00;-73.80
86019;556442-2011;20180413;1682;-95.00;0.00;0.00
86019;556442-2011;20180413;1693;-890.00;0.00;0.00
86019;556442-2011;20180413;2424;-569.79;0.00;-34.21
86019;556442-2011;20180413;3010;-50350.88;0.00;-12587.76
86019;556442-2011;20180413;3021;-7550.76;3152.27;-905.88
86019;556442-2011;20180413;3022;-4107.46;1942.61;-493.54
86019;556442-2011;20180413;3023;-266.08;186.66;-31.92
86019;556442-2011;20180413;3024;-703.59;420.51;-84.41
86019;556442-2011;20180413;3025;-16.52;11.28;-1.98
86019;556442-2011;20180413;3026;-100.89;55.83;-12.11
86019;556442-2011;20180413;3027;-79.47;44.29;-9.53
86019;556442-2011;20180413;3028;-19.64;12.00;-2.36
86019;556442-2011;20180413;3040;-536.00;195.20;-134.00
86019;556442-2011;20180413;3047;-186.40;90.25;-46.60
86019;556442-2011;20180413;3048;-508.80;235.06;-127.20
86019;556442-2011;20180413;3049;-248.80;163.73;-62.20
86019;556442-2011;20180413;3050;-347.20;196.17;-86.80
86019;556442-2011;20180413;3051;-598.40;408.49;-149.60
86019;556442-2011;20180413;3055;-4421.60;3099.86;-1105.40
86019;556442-2011;20180413;3056;-7266.40;6464.52;-1816.60
86019;556442-2011;20180413;3057;-68.75;42.50;-8.25
86019;556442-2011;20180413;3058;-2827.54;1192.03;-339.47
86019;556442-2011;20180413;3060;-47.16;47.16;-2.84
86019;556442-2011;20180413;3071;-10.00;9.00;0.00
86019;556442-2011;20180413;3090;-9876.80;0.00;-2469.20
86019;556442-2011;20180413;3092;-497.60;338.91;-124.40
86019;556442-2011;20180413;3110;-1356.00;0.00;-339.00
86019;556442-2011;20180413;1693;240.00;;
86019;556442-2011;20180413;1912;14732.00;;
86019;556442-2011;20180413;2444;2537.00;;
86019;556442-2011;20180413;2445;97250.73;;
86019;556442-2011;20180413;2446;504.00;;
86019;556442-2011;20180413;3740;-0.60;;
86019;556442-2011;20180413;9400;2910.72;;
86019;556442-2011;20180413;9401;3853.70;;
86019;556442-2011;20180413;9403;7285.36;;
86019;556442-2011;20180417;1679;-204.00;0.00;-51.00
86019;556442-2011;20180417;1682;-400.00;0.00;0.00
86019;556442-2011;20180417;1693;-630.00;0.00;0.00
86019;556442-2011;20180417;2424;-328.33;0.00;-19.67
86019;556442-2011;20180417;3010;-45484.37;0.00;-11371.09
86019;556442-2011;20180417;3021;-8090.84;4590.52;-970.82
86019;556442-2011;20180417;3022;-4288.67;2021.11;-515.33
86019;556442-2011;20180417;3023;-614.75;376.55;-73.75
86019;556442-2011;20180417;3024;-897.30;523.97;-107.70
86019;556442-2011;20180417;3026;-99.11;55.98;-11.89
86019;556442-2011;20180417;3027;-133.95;65.99;-16.05
86019;556442-2011;20180417;3028;-70.52;42.00;-8.48
86019;556442-2011;20180417;3040;-491.20;177.85;-122.80
86019;556442-2011;20180417;3041;-156.00;104.00;-39.00
86019;556442-2011;20180417;3047;-532.00;284.15;-133.00
86019;556442-2011;20180417;3048;-736.80;350.26;-184.20
86019;556442-2011;20180417;3049;-367.20;241.45;-91.80
86019;556442-2011;20180417;3050;-320.80;162.41;-80.20
86019;556442-2011;20180417;3051;-359.20;241.86;-89.80
86019;556442-2011;20180417;3055;-4366.40;3052.82;-1091.60
86019;556442-2011;20180417;3056;-5744.80;5139.43;-1436.20
86019;556442-2011;20180417;3058;-2934.73;1242.24;-352.27
86019;556442-2011;20180417;3060;-16.04;16.04;-0.96
86019;556442-2011;20180417;3090;-7121.60;0.00;-1780.40
86019;556442-2011;20180417;3092;-412.00;263.82;-103.00
86019;556442-2011;20180417;3110;-220.00;0.00;-55.00
86019;556442-2011;20180417;1693;510.00;;
86019;556442-2011;20180417;1699;210.00;;
86019;556442-2011;20180417;1912;16246.00;;
86019;556442-2011;20180417;2444;1421.00;;
86019;556442-2011;20180417;2445;85350.50;;
86019;556442-2011;20180417;2446;50.00;;
86019;556442-2011;20180417;3740;-0.24;;
86019;556442-2011;20180417;9400;2511.34;;
86019;556442-2011;20180417;9401;4008.18;;
86019;556442-2011;20180417;9403;10929.18;;
86222;556838-0793;20180417;1692;-2116.00;0.00;0.00
86222;556838-0793;20180417;1693;-5377.40;0.00;0.00
86222;556838-0793;20180417;1695;-450.00;0.00;0.00
86222;556838-0793;20180417;2424;-794.40;0.00;-47.60
86222;556838-0793;20180417;3000;-48.00;0.00;-12.00
86222;556838-0793;20180417;3010;-66778.75;0.00;-16694.68
86222;556838-0793;20180417;3021;-9989.05;4468.83;-1198.56
86222;556838-0793;20180417;3022;-6272.81;2963.93;-753.69
86222;556838-0793;20180417;3023;-910.76;646.96;-109.24
86222;556838-0793;20180417;3024;-183.02;91.44;-21.98
86222;556838-0793;20180417;3026;-216.96;111.86;-26.04
86222;556838-0793;20180417;3027;-199.99;103.16;-24.01
86222;556838-0793;20180417;3040;-1395.20;495.26;-348.80
86222;556838-0793;20180417;3047;-592.00;296.45;-148.00
86222;556838-0793;20180417;3048;-387.20;206.38;-96.80
86222;556838-0793;20180417;3049;-164.80;87.56;-41.20
86222;556838-0793;20180417;3050;-687.20;272.94;-171.80
86222;556838-0793;20180417;3052;-119.20;87.18;-29.80
86222;556838-0793;20180417;3055;-4212.80;2938.75;-1053.20
86222;556838-0793;20180417;3056;-7201.60;6585.41;-1800.40
86222;556838-0793;20180417;3057;-75.00;47.20;-9.00
86222;556838-0793;20180417;3058;-5170.92;2460.60;-620.58
86222;556838-0793;20180417;3060;-282.84;282.84;-16.96
86222;556838-0793;20180417;3061;-55.20;55.20;-13.80
86222;556838-0793;20180417;3062;-83.96;60.50;-5.04
86222;556838-0793;20180417;3071;-120.00;108.00;0.00
86222;556838-0793;20180417;3090;-11855.20;0.00;-2963.80
86222;556838-0793;20180417;3092;-792.00;534.99;-198.00
86222;556838-0793;20180417;1912;17071.00;;
86222;556838-0793;20180417;2444;1135.00;;
86222;556838-0793;20180417;2445;133527.46;;
86222;556838-0793;20180417;2446;1229.82;;
86222;556838-0793;20180417;3740;0.52;;
86222;556838-0793;20180417;9400;3368.34;;
86222;556838-0793;20180417;9401;4748.33;;
86222;556838-0793;20180417;9403;14346.63;;
